2	135563
3	42855
4	20705
5	13154
6	8734
7	6315
8	5227
9	3672
10	2802
11	2429
12	2416
13	1953
14	1643
15	1318
16	1229
17	966
18	994
19	859
20	729
21	580
22	663
23	572
24	570
25	470
26	350
27	322
28	359
29	444
30	330
31	351
32	333
33	341
34	282
35	253
36	292
37	211
38	163
39	193
40	184
41	168
42	129
43	160
44	159
45	114
46	105
47	239
48	123
49	127
50	72
51	124
52	81
53	87
54	123
55	113
56	68
57	68
58	117
59	161
60	85
61	70
62	60
63	68
64	82
65	75
66	72
67	63
68	32
69	49
70	32
71	42
72	33
73	33
74	46
75	58
76	34
77	32
78	87
79	44
80	29
81	39
82	53
83	30
84	36
85	39
86	34
87	25
88	23
89	27
90	38
91	26
92	31
93	23
94	32
95	24
96	20
97	33
98	17
99	16
100	10
101	13
102	20
103	40
104	26
105	14
106	13
107	28
108	21
109	47
110	35
111	61
112	22
113	15
114	38
115	18
116	13
117	28
118	11
119	79
120	22
121	20
122	14
123	23
124	14
125	9
126	15
127	17
128	11
129	9
130	8
131	14
132	13
133	13
134	15
135	6
136	10
137	8
138	6
139	17
140	10
141	11
142	9
143	9
144	9
145	9
146	12
147	10
148	17
149	12
150	5
151	9
152	4
153	14
154	7
155	12
156	11
157	10
158	6
159	7
160	5
161	9
162	5
163	4
164	10
165	9
166	9
167	5
168	5
169	13
170	9
171	5
172	4
173	5
174	5
175	4
176	5
177	7
178	6
179	7
180	14
181	8
182	4
183	7
185	6
186	7
187	7
188	10
189	3
190	4
191	6
192	7
193	4
194	9
195	8
196	6
197	4
198	6
199	6
200	2
201	11
202	3
203	8
204	7
205	7
206	2
207	8
208	6
209	17
210	8
211	7
212	6
213	2
214	12
215	4
216	7
217	21
218	9
220	5
221	1
222	6
223	11
224	11
225	9
226	5
227	1
228	11
229	6
230	4
231	2
232	6
233	3
234	1
235	5
236	3
237	1
238	5
239	2
240	6
241	3
242	6
243	3
245	4
246	3
247	4
248	4
249	2
250	3
251	3
252	3
253	3
254	2
255	1
257	2
258	2
259	4
260	5
261	2
262	5
263	3
264	14
265	4
266	1
267	4
268	3
269	6
270	1
271	1
272	4
273	3
274	5
275	6
276	3
277	4
278	1
279	4
280	2
281	5
282	1
283	2
284	3
285	4
286	2
287	5
288	1
289	2
290	3
291	7
292	4
293	2
294	3
295	2
296	18
297	3
298	3
299	2
300	1
301	24
302	2
303	7
304	5
305	6
306	2
310	4
313	5
314	2
316	1
317	1
318	2
319	1
320	2
321	1
322	3
323	1
324	1
325	2
326	2
327	3
328	3
330	5
331	1
332	1
333	1
334	1
335	1
336	2
338	3
340	7
341	1
342	1
343	7
344	4
345	10
346	4
347	1
348	7
349	3
350	2
351	21
352	2
353	4
354	48
355	2
356	2
357	4
358	2
359	8
360	4
361	2
362	3
364	4
365	5
366	1
367	1
368	2
369	1
370	1
371	1
373	2
374	1
375	4
376	1
378	1
379	1
380	2
382	2
384	1
385	1
388	2
390	2
396	1
398	1
400	2
401	2
403	2
404	2
407	2
408	2
409	2
410	2
411	1
412	1
413	1
414	3
415	1
418	1
419	1
420	2
422	1
423	1
425	1
426	1
427	2
428	1
430	1
431	2
432	3
434	1
435	2
436	2
438	3
439	2
440	1
442	3
446	1
447	1
449	1
453	1
455	1
456	1
460	1
461	1
462	1
463	3
464	1
466	1
467	1
468	1
471	3
473	1
474	1
475	1
476	1
477	1
478	1
479	3
480	1
481	3
482	2
483	2
485	1
487	1
490	1
491	1
494	1
497	1
498	1
500	3
505	1
506	1
508	1
510	1
512	3
514	1
515	1
517	1
519	1
524	1
525	1
526	1
530	2
531	1
533	1
535	2
539	1
540	1
541	2
543	1
544	1
550	1
553	1
554	1
555	1
556	1
562	1
563	1
567	1
571	1
574	1
576	2
583	2
584	2
585	1
589	1
591	1
592	1
593	1
594	1
596	1
597	1
598	1
599	1
600	1
601	3
603	1
607	1
608	1
609	2
610	2
611	1
612	1
617	1
618	18
619	2
621	1
624	1
630	2
631	2
641	1
647	1
652	1
655	1
657	1
659	2
662	2
665	22
666	1
670	2
677	3
679	1
682	1
683	1
684	2
685	1
688	1
690	1
693	1
694	2
695	2
698	2
702	2
703	1
706	1
709	2
710	1
711	1
714	1
721	2
724	1
727	1
731	1
733	1
737	1
738	1
742	1
744	1
749	1
751	1
752	1
761	1
769	1
772	2
773	1
774	1
775	2
777	1
780	1
781	1
785	1
792	1
800	1
801	1
804	2
805	1
807	1
811	1
818	2
819	1
826	1
828	1
831	1
836	1
837	1
839	1
840	1
845	2
846	1
849	1
854	1
859	1
861	1
863	1
865	1
873	2
887	2
896	1
901	1
904	1
907	1
911	1
920	2
921	1
922	1
923	1
929	1
934	1
943	1
944	2
945	1
951	1
954	1
957	1
958	1
959	1
960	2
961	1
962	1
966	1
970	3
972	1
973	1
974	1
975	1
978	1
981	1
984	1
988	2
991	1
999	1
1007	2
1017	1
1026	2
1028	1
1031	1
1040	1
1043	1
1057	1
1064	1
1068	2
1074	1
1084	2
1091	1
1092	1
1095	1
1100	1
1116	1
1125	2
1128	1
1137	1
1140	1
1144	1
1148	2
1149	1
1160	1
1168	1
1170	1
1180	1
1189	1
1192	1
1195	1
1200	3
1204	1
1209	1
1224	1
1230	1
1231	2
1242	1
1245	1
1247	2
1249	1
1254	1
1262	1
1270	1
1272	1
1279	1
1282	1
1295	1
1303	1
1309	1
1318	1
1329	1
1330	1
1332	1
1340	1
1356	1
1361	1
1396	1
1404	2
1418	1
1432	1
1438	1
1448	1
1464	1
1482	1
1498	1
1533	1
1535	1
1561	1
1575	1
1593	1
1595	1
1624	1
1632	1
1635	1
1643	1
1655	1
1658	1
1664	1
1667	1
1682	1
1701	1
1702	2
1716	1
1730	1
1731	1
1734	1
1735	1
1745	1
1764	1
1792	1
1820	1
1823	1
1831	1
1832	1
1838	1
1905	1
1919	1
1921	1
1933	1
1947	1
1986	1
2099	1
2111	1
2119	1
2124	2
2129	1
2212	1
2253	1
2263	1
2306	1
2349	1
2353	1
2358	1
2375	1
2401	5
2402	5
2407	2
2419	1
2432	1
2441	10
2442	1
2445	1
2448	1
2459	1
2466	2
2483	1
2520	1
2521	2
2548	1
2561	1
2572	1
2583	2
2614	1
2623	1
2632	1
2653	1
2681	1
2695	2
2698	1
2702	1
2717	2
2719	1
2778	1
2789	1
2907	1
2937	1
2990	1
3008	1
3211	1
3246	1
3253	1
3370	1
3382	1
3433	2
3461	1
3462	1
3510	1
3545	1
3608	1
3759	1
4009	1
4020	1
4053	1
4056	1
4252	1
4971	1
4980	1
5396	1
5465	1
5656	1
5978	1
5996	1
6771	3
8219	1
10311	1
10924	1
