0	0.700115
1	0.185005
2	0.0527455
3	0.0206572
4	0.0112201
5	0.00679206
6	0.00456133
7	0.00307303
8	0.00241991
9	0.00181015
10	0.00141668
11	0.0011439
12	0.000988678
13	0.000782953
14	0.00068223
15	0.000545556
16	0.000503898
17	0.000409167
18	0.000381775
19	0.000322997
20	0.000306162
21	0.00026165
22	0.000239109
23	0.000224271
24	0.000194882
25	0.000180901
26	0.00015037
27	0.000139528
28	0.000127544
29	0.000104432
30	0.000116986
31	0.000101864
32	9.70131e-05
33	8.36025e-05
34	8.01785e-05
35	7.41865e-05
36	7.58985e-05
37	7.58985e-05
38	6.13465e-05
39	6.04905e-05
40	6.30585e-05
41	5.53545e-05
42	4.36559e-05
43	4.79359e-05
44	4.62239e-05
45	3.76639e-05
46	3.25279e-05
47	3.36693e-05
48	4.02319e-05
49	3.22426e-05
50	3.45253e-05
51	3.76639e-05
52	2.71066e-05
53	2.88186e-05
54	2.45386e-05
55	2.93893e-05
56	2.33973e-05
57	2.11146e-05
58	1.9688e-05
59	2.45386e-05
60	1.7976e-05
61	2.14e-05
62	1.76906e-05
63	2.48239e-05
64	1.65493e-05
65	1.65493e-05
66	1.56933e-05
67	1.94026e-05
68	1.68346e-05
69	1.712e-05
70	9.98664e-06
71	1.76906e-05
72	1.5408e-05
73	1.76906e-05
74	1.59786e-05
75	1.39813e-05
76	1.08426e-05
77	1.4552e-05
78	1.16986e-05
79	1.0272e-05
80	1.284e-05
81	1.42666e-05
82	9.13065e-06
83	1.05573e-05
84	9.98664e-06
85	1.25546e-05
86	1.05573e-05
87	9.41598e-06
88	7.70398e-06
89	7.98931e-06
90	8.84531e-06
91	7.41865e-06
92	9.70131e-06
93	7.98931e-06
94	7.98931e-06
95	5.70665e-06
96	5.99199e-06
97	6.84798e-06
98	5.99199e-06
99	4.85066e-06
100	7.98931e-06
101	5.70665e-06
102	6.27732e-06
103	5.70665e-06
104	6.27732e-06
105	5.99199e-06
106	6.56265e-06
107	5.13599e-06
108	3.42399e-06
109	4.27999e-06
110	3.99466e-06
111	7.13332e-06
112	6.27732e-06
113	5.42132e-06
114	4.27999e-06
115	4.56532e-06
116	5.13599e-06
117	4.27999e-06
118	4.56532e-06
119	5.70665e-06
120	2.85333e-06
121	3.42399e-06
122	4.27999e-06
123	1.14133e-06
124	8.27465e-06
125	4.27999e-06
126	3.70932e-06
127	2.85333e-06
128	2.56799e-06
129	2.85333e-06
130	2.85333e-06
131	4.56532e-06
132	3.13866e-06
133	1.712e-06
134	4.56532e-06
135	4.27999e-06
136	3.99466e-06
137	2.28266e-06
138	3.13866e-06
139	1.99733e-06
140	1.99733e-06
141	2.56799e-06
142	2.85333e-06
143	3.70932e-06
144	1.99733e-06
145	1.99733e-06
146	2.28266e-06
147	2.85333e-06
148	1.99733e-06
149	2.85333e-06
150	4.85066e-06
151	1.712e-06
152	2.28266e-06
153	1.99733e-06
154	2.56799e-06
155	3.13866e-06
156	2.85333e-06
157	3.70932e-06
158	5.70665e-07
159	1.42666e-06
160	2.56799e-06
161	2.85333e-06
162	2.56799e-06
163	3.13866e-06
164	2.28266e-06
165	3.42399e-06
166	1.42666e-06
167	1.712e-06
168	3.13866e-06
169	3.13866e-06
170	2.85333e-06
171	2.85333e-06
172	1.99733e-06
173	3.70932e-06
174	1.14133e-06
175	3.99466e-06
176	2.85333e-06
177	1.712e-06
178	1.99733e-06
179	2.56799e-06
180	2.28266e-06
181	2.56799e-06
182	1.712e-06
183	1.712e-06
184	1.99733e-06
185	3.70932e-06
186	1.99733e-06
187	1.712e-06
188	8.55998e-07
189	1.99733e-06
190	1.99733e-06
191	1.42666e-06
192	1.14133e-06
193	1.99733e-06
194	1.712e-06
195	1.712e-06
196	1.14133e-06
197	1.14133e-06
198	8.55998e-07
199	1.99733e-06
200	1.14133e-06
201	5.70665e-07
202	2.28266e-06
203	1.42666e-06
204	1.14133e-06
205	1.14133e-06
206	8.55998e-07
207	8.55998e-07
208	2.85333e-07
209	2.28266e-06
210	1.14133e-06
211	1.712e-06
212	2.28266e-06
213	2.85333e-07
214	1.42666e-06
215	8.55998e-07
216	5.70665e-07
217	2.85333e-07
218	1.99733e-06
219	1.712e-06
220	2.85333e-07
221	5.70665e-07
222	1.14133e-06
223	1.14133e-06
224	5.70665e-07
225	8.55998e-07
226	5.70665e-07
227	1.14133e-06
228	1.42666e-06
229	8.55998e-07
230	2.85333e-07
231	1.42666e-06
232	2.85333e-07
233	8.55998e-07
234	2.28266e-06
235	2.85333e-07
236	1.42666e-06
237	1.712e-06
238	8.55998e-07
239	1.42666e-06
240	5.70665e-07
241	5.70665e-07
242	1.42666e-06
243	5.70665e-07
244	5.70665e-07
245	2.85333e-07
246	5.70665e-07
248	2.85333e-07
249	5.70665e-07
250	8.55998e-07
251	5.70665e-07
252	2.85333e-07
253	2.85333e-07
255	2.85333e-07
256	1.712e-06
257	5.70665e-07
258	2.85333e-07
259	2.85333e-07
260	1.42666e-06
262	5.70665e-07
263	5.70665e-07
264	5.70665e-07
265	1.42666e-06
266	8.55998e-07
267	2.85333e-07
268	1.712e-06
269	1.14133e-06
270	2.85333e-07
273	5.70665e-07
274	1.14133e-06
275	8.55998e-07
276	2.85333e-07
277	2.85333e-07
278	2.85333e-07
279	5.70665e-07
280	5.70665e-07
281	2.85333e-07
283	5.70665e-07
284	2.85333e-07
285	8.55998e-07
286	5.70665e-07
289	5.70665e-07
290	1.42666e-06
291	5.70665e-07
294	5.70665e-07
295	8.55998e-07
296	5.70665e-07
297	8.55998e-07
298	5.70665e-07
299	2.85333e-07
301	2.85333e-07
303	5.70665e-07
304	2.85333e-07
305	5.70665e-07
306	5.70665e-07
307	2.85333e-07
308	5.70665e-07
310	2.85333e-07
313	1.14133e-06
314	5.70665e-07
316	8.55998e-07
317	8.55998e-07
318	2.85333e-07
320	2.85333e-07
321	2.85333e-07
322	2.85333e-07
323	5.70665e-07
324	2.85333e-07
325	2.85333e-07
326	2.85333e-07
328	2.85333e-07
329	5.70665e-07
330	5.70665e-07
331	5.70665e-07
332	2.85333e-07
334	5.70665e-07
335	2.85333e-07
336	2.85333e-07
337	8.55998e-07
338	5.70665e-07
339	5.70665e-07
341	5.70665e-07
342	2.85333e-07
343	2.85333e-07
344	1.14133e-06
345	5.70665e-07
347	8.55998e-07
348	5.70665e-07
349	8.55998e-07
350	2.85333e-07
352	2.85333e-07
354	5.70665e-07
355	5.70665e-07
356	2.85333e-07
357	2.85333e-07
358	2.85333e-07
359	5.70665e-07
360	2.85333e-07
361	2.85333e-07
367	1.14133e-06
369	5.70665e-07
370	2.85333e-07
372	2.85333e-07
373	2.85333e-07
374	2.85333e-07
376	1.42666e-06
377	2.85333e-07
378	2.85333e-07
380	2.85333e-07
381	5.70665e-07
382	2.85333e-07
385	8.55998e-07
386	5.70665e-07
387	8.55998e-07
390	2.85333e-07
391	8.55998e-07
393	8.55998e-07
394	2.85333e-07
395	5.70665e-07
396	8.55998e-07
398	2.85333e-07
399	2.85333e-07
401	2.85333e-07
403	2.85333e-07
408	8.55998e-07
412	2.85333e-07
414	2.85333e-07
415	2.85333e-07
416	5.70665e-07
417	2.85333e-07
419	5.70665e-07
420	2.85333e-07
422	2.85333e-07
423	2.85333e-07
424	2.85333e-07
427	2.85333e-07
428	2.85333e-07
429	8.55998e-07
430	5.70665e-07
431	2.85333e-07
433	2.85333e-07
437	2.85333e-07
441	2.85333e-07
444	2.85333e-07
446	5.70665e-07
452	5.70665e-07
454	2.85333e-07
456	2.85333e-07
460	2.85333e-07
463	2.85333e-07
465	2.85333e-07
468	2.85333e-07
471	2.85333e-07
478	5.70665e-07
483	2.85333e-07
493	2.85333e-07
494	2.85333e-07
495	2.85333e-07
497	2.85333e-07
498	2.85333e-07
502	2.85333e-07
503	2.85333e-07
504	2.85333e-07
509	2.85333e-07
510	2.85333e-07
512	2.85333e-07
513	2.85333e-07
515	2.85333e-07
524	2.85333e-07
527	2.85333e-07
533	2.85333e-07
540	2.85333e-07
543	2.85333e-07
545	2.85333e-07
547	2.85333e-07
550	2.85333e-07
552	2.85333e-07
562	2.85333e-07
571	2.85333e-07
572	5.70665e-07
579	2.85333e-07
585	2.85333e-07
594	5.70665e-07
617	2.85333e-07
620	2.85333e-07
628	2.85333e-07
630	2.85333e-07
631	2.85333e-07
640	2.85333e-07
643	2.85333e-07
663	2.85333e-07
667	2.85333e-07
668	2.85333e-07
699	2.85333e-07
704	2.85333e-07
707	2.85333e-07
714	2.85333e-07
733	5.70665e-07
737	2.85333e-07
743	2.85333e-07
745	2.85333e-07
749	2.85333e-07
764	2.85333e-07
770	2.85333e-07
771	2.85333e-07
793	2.85333e-07
875	1.42666e-06
886	5.70665e-07
926	2.85333e-07
984	2.85333e-07
1036	2.85333e-07
1041	2.85333e-07
1094	2.85333e-07
1107	2.85333e-07
1162	2.85333e-07
1188	2.85333e-07
1221	2.85333e-07
1315	2.85333e-07
1410	2.85333e-07
1419	2.85333e-07
1451	2.85333e-07
1668	2.85333e-07
1669	2.85333e-07
1674	2.85333e-07
1905	2.85333e-07
1917	2.85333e-07
1937	2.85333e-07
2150	2.85333e-07
2397	2.85333e-07
2777	2.85333e-07
9202	2.85333e-07
