#Nnodes	depth	mean_depth	Leaves_mean_depth
2	2	1.5	2
4	2	1.75	2
4	3	2	2.5
4	3	2.25	3
4	4	2.5	4
8	3	2.125	2.33333
8	3	2.125	2.4
8	3	2	2.16667
8	3	2.25	2.5
8	3	2.25	2.6
8	3	2.25	2.75
8	3	2.375	2.66667
8	3	2.375	2.8
8	3	2.375	3
8	3	2.5	2.83333
8	3	2.5	3
8	4	2.25	2.4
8	4	2.375	2.6
8	4	2.375	2.75
8	4	2.5	2.8
8	4	2.5	3
8	4	2.5	3.33333
8	4	2.625	3
8	4	2.625	3.25
8	4	2.625	3.33333
8	4	2.75	3.2
8	4	2.75	3.25
8	4	2.75	3.5
8	4	2.75	3.66667
8	4	2.875	3.4
8	4	2.875	3.5
8	4	2.875	3.75
8	4	2.875	4
8	4	3.125	3.8
8	4	3.125	4
8	4	3	3.6
8	4	3	3.75
8	4	3	4
8	5	2.625	2.75
8	5	2.75	3
8	5	2.75	3.33333
8	5	2.875	3.25
8	5	2.875	3.66667
8	5	3.125	3.75
8	5	3.125	4
8	5	3.125	4.33333
8	5	3.25	4
8	5	3.25	4.33333
8	5	3	3.5
8	5	3	3.66667
8	5	3.375	4.25
8	5	3.375	4.33333
8	5	3.375	4.66667
8	5	3.375	5
8	5	3	4
8	5	3	4.5
8	5	3.5	4.5
8	5	3.5	4.66667
8	5	3.625	4.75
8	5	3.625	5
8	5	3.75	5
8	6	3.125	3.33333
8	6	3.25	3.66667
8	6	3.25	4.5
8	6	3.375	4
8	6	3.5	4.33333
8	6	3.5	5
8	6	3.625	4.66667
8	6	3.75	5
8	6	3.75	5.5
8	6	3.875	5.33333
8	6	4	5.66667
8	7	3.75	4.5
8	7	3.875	5
8	7	4.125	6
8	8	4.5	8
16	4	2.5	2.7
16	4	2.5	2.72727
16	4	2.5625	2.9
16	4	2.5625	3
16	4	2.625	2.8
16	4	2.625	2.88889
16	4	2.625	3
16	4	2.625	3.125
16	4	2.6875	3
16	4	2.6875	3.11111
16	4	2.6875	3.125
16	4	2.75	3
16	4	2.75	3.1
16	4	2.75	3.11111
16	4	2.75	3.22222
16	4	2.75	3.25
16	4	2.75	3.42857
16	4	2.8125	3.1
16	4	2.8125	3.11111
16	4	2.8125	3.2
16	4	2.8125	3.22222
16	4	2.8125	3.25
16	4	2.8125	3.33333
16	4	2.8125	3.375
16	4	2.875	3.2
16	4	2.875	3.22222
16	4	2.875	3.3
16	4	2.875	3.33333
16	4	2.875	3.375
16	4	2.875	3.42857
16	4	2.875	3.44444
16	4	2.875	3.5
16	4	2.875	3.57143
16	4	2.9375	3.3
16	4	2.9375	3.4
16	4	2.9375	3.44444
16	4	2.9375	3.5
16	4	2.9375	3.71429
16	4	3.0625	3.5
16	4	3.0625	3.55556
16	4	3.0625	3.6
16	4	3.0625	3.625
16	4	3.0625	3.66667
16	4	3.0625	3.75
16	4	3.0625	3.85714
16	4	3.125	3.6
16	4	3.125	3.66667
16	4	3.125	3.77778
16	4	3.1875	3.77778
16	4	3	3.27273
16	4	3	3.4
16	4	3	3.44444
16	4	3	3.55556
16	4	3	3.625
16	5	2.625	2.88889
16	5	2.6875	3
16	5	2.75	2.9
16	5	2.75	3
16	5	2.75	3.11111
16	5	2.75	3.125
16	5	2.75	3.25
16	5	2.8125	3
16	5	2.8125	3.11111
16	5	2.8125	3.125
16	5	2.8125	3.22222
16	5	2.8125	3.25
16	5	2.875	3.1
16	5	2.875	3.2
16	5	2.875	3.22222
16	5	2.875	3.375
16	5	2.875	3.42857
16	5	2.9375	3.11111
16	5	2.9375	3.2
16	5	2.9375	3.22222
16	5	2.9375	3.25
16	5	2.9375	3.28571
16	5	2.9375	3.33333
16	5	2.9375	3.375
16	5	2.9375	3.42857
16	5	2.9375	3.44444
16	5	2.9375	3.5
16	5	2.9375	3.57143
16	5	2.9375	3.625
16	5	3.0625	3.3
16	5	3.0625	3.33333
16	5	3.0625	3.375
16	5	3.0625	3.4
16	5	3.0625	3.44444
16	5	3.0625	3.5
16	5	3.0625	3.55556
16	5	3.0625	3.57143
16	5	3.0625	3.625
16	5	3.0625	3.66667
16	5	3.0625	3.71429
16	5	3.0625	3.83333
16	5	3.125	3.4
16	5	3.125	3.5
16	5	3.125	3.55556
16	5	3.125	3.6
16	5	3.125	3.625
16	5	3.125	3.66667
16	5	3.125	3.71429
16	5	3.125	3.83333
16	5	3.125	3.85714
16	5	3.125	3.875
16	5	3.125	4
16	5	3.1875	3.4
16	5	3.1875	3.5
16	5	3.1875	3.54545
16	5	3.1875	3.55556
16	5	3.1875	3.6
16	5	3.1875	3.625
16	5	3.1875	3.66667
16	5	3.1875	3.71429
16	5	3.1875	3.75
16	5	3.1875	3.77778
16	5	3.1875	3.85714
16	5	3.1875	3.875
16	5	3.1875	4
16	5	3.25	3.625
16	5	3.25	3.66667
16	5	3.25	3.7
16	5	3.25	3.71429
16	5	3.25	3.75
16	5	3.25	3.77778
16	5	3.25	3.85714
16	5	3.25	3.875
16	5	3.25	3.88889
16	5	3.25	4
16	5	3.25	4.14286
16	5	3.3125	3.54545
16	5	3.3125	3.7
16	5	3.3125	3.75
16	5	3.3125	3.77778
16	5	3.3125	3.8
16	5	3.3125	3.875
16	5	3.3125	3.88889
16	5	3.3125	4
16	5	3.3125	4.125
16	5	3.3125	4.14286
16	5	3	3.2
16	5	3	3.22222
16	5	3	3.25
16	5	3	3.27273
16	5	3	3.3
16	5	3	3.33333
16	5	3	3.375
16	5	3	3.42857
16	5	3	3.44444
16	5	3	3.5
16	5	3	3.57143
16	5	3	3.625
16	5	3	3.66667
16	5	3	3.71429
16	5	3.375	3.7
16	5	3.375	3.77778
16	5	3.375	3.8
16	5	3.375	3.875
16	5	3.375	3.88889
16	5	3.375	4
16	5	3.375	4.125
16	5	3.375	4.14286
16	5	3.375	4.33333
16	5	3	3.83333
16	5	3.4375	3.8
16	5	3.4375	4
16	5	3.4375	4.125
16	5	3.4375	4.14286
16	5	3.4375	4.25
16	5	3.4375	4.28571
16	5	3.4375	4.33333
16	5	3.4375	4.5
16	5	3.5	3.88889
16	5	3.5	3.9
16	5	3.5	4
16	5	3.5	4.125
16	5	3.5	4.14286
16	5	3.5	4.25
16	5	3.5	4.28571
16	5	3.5	4.42857
16	5	3.5625	4
16	5	3.5625	4.125
16	5	3.5625	4.2
16	5	3.5625	4.22222
16	5	3.5625	4.25
16	5	3.5625	4.66667
16	5	3.625	4.22222
16	5	3.625	4.25
16	5	3.625	4.375
16	5	3.625	4.42857
16	5	3.625	4.57143
16	5	3.6875	4.22222
16	5	3.6875	4.44444
16	5	3.75	4.22222
16	5	3.75	4.33333
16	5	3.75	4.375
16	5	3.75	4.5
16	5	3.75	4.625
16	5	3.8125	4.5
16	5	3.9375	4.6
16	6	3.0625	3.2
16	6	3.0625	3.375
16	6	3.0625	3.57143
16	6	3.125	3.33333
16	6	3.125	3.375
16	6	3.125	3.42857
16	6	3.125	3.44444
16	6	3.125	3.5
16	6	3.125	3.71429
16	6	3.125	3.83333
16	6	3.1875	3.375
16	6	3.1875	3.4
16	6	3.1875	3.44444
16	6	3.1875	3.5
16	6	3.1875	3.55556
16	6	3.1875	3.57143
16	6	3.1875	3.71429
16	6	3.1875	3.85714
16	6	3.1875	4.16667
16	6	3.25	3.5
16	6	3.25	3.55556
16	6	3.25	3.625
16	6	3.25	3.66667
16	6	3.25	3.71429
16	6	3.25	3.75
16	6	3.25	3.85714
16	6	3.25	4
16	6	3	3.11111
16	6	3.3125	3.4
16	6	3.3125	3.44444
16	6	3.3125	3.6
16	6	3.3125	3.625
16	6	3.3125	3.66667
16	6	3.3125	3.75
16	6	3.3125	3.77778
16	6	3.3125	3.85714
16	6	3.3125	3.875
16	6	3.3125	4
16	6	3	3.22222
16	6	3	3.375
16	6	3	3.42857
16	6	3.375	3.55556
16	6	3.375	3.75
16	6	3.375	3.77778
16	6	3.375	3.85714
16	6	3.375	3.875
16	6	3.375	3.88889
16	6	3.375	4
16	6	3.375	4.14286
16	6	3.375	4.2
16	6	3.375	4.4
16	6	3.4375	3.6
16	6	3.4375	3.66667
16	6	3.4375	3.75
16	6	3.4375	3.77778
16	6	3.4375	3.8
16	6	3.4375	3.875
16	6	3.4375	3.88889
16	6	3.4375	4
16	6	3.4375	4.125
16	6	3.4375	4.14286
16	6	3.4375	4.28571
16	6	3.4375	4.33333
16	6	3.5	3.71429
16	6	3.5	3.75
16	6	3.5	3.77778
16	6	3.5	3.85714
16	6	3.5	3.875
16	6	3.5	3.9
16	6	3.5	4
16	6	3.5	4.125
16	6	3.5	4.14286
16	6	3.5	4.25
16	6	3.5	4.33333
16	6	3.5	4.42857
16	6	3.5625	3.88889
16	6	3.5625	3.9
16	6	3.5625	4
16	6	3.5625	4.125
16	6	3.5625	4.14286
16	6	3.5625	4.25
16	6	3.5625	4.28571
16	6	3.5625	4.33333
16	6	3.5625	4.375
16	6	3.5625	4.5
16	6	3.625	3.88889
16	6	3.625	3.9
16	6	3.625	4
16	6	3.625	4.11111
16	6	3.625	4.125
16	6	3.625	4.14286
16	6	3.625	4.25
16	6	3.625	4.375
16	6	3.625	4.42857
16	6	3.625	4.5
16	6	3.6875	4.11111
16	6	3.6875	4.125
16	6	3.6875	4.14286
16	6	3.6875	4.22222
16	6	3.6875	4.28571
16	6	3.6875	4.375
16	6	3.6875	4.5
16	6	3.6875	4.57143
16	6	3.75	4.1
16	6	3.75	4.14286
16	6	3.75	4.22222
16	6	3.75	4.28571
16	6	3.75	4.375
16	6	3.75	4.42857
16	6	3.75	4.5
16	6	3.75	4.57143
16	6	3.75	4.71429
16	6	3.75	4.83333
16	6	3.8125	4
16	6	3.8125	4.11111
16	6	3.8125	4.22222
16	6	3.8125	4.25
16	6	3.8125	4.33333
16	6	3.8125	4.375
16	6	3.8125	4.44444
16	6	3.8125	4.5
16	6	3.8125	4.57143
16	6	3.8125	4.625
16	6	3.8125	4.66667
16	6	3.8125	4.71429
16	6	3.8125	4.85714
16	6	3.875	4.22222
16	6	3.875	4.33333
16	6	3.875	4.375
16	6	3.875	4.5
16	6	3.875	4.57143
16	6	3.875	4.625
16	6	3.875	4.71429
16	6	3.875	4.83333
16	6	3.875	4.85714
16	6	3.875	5
16	6	3.9375	4.5
16	6	3.9375	4.57143
16	6	3.9375	4.625
16	6	3.9375	4.71429
16	6	3.9375	4.83333
16	6	3.9375	4.85714
16	6	4.0625	4.75
16	6	4.0625	4.77778
16	6	4.0625	5.16667
16	6	4.125	4.71429
16	6	4.125	4.75
16	6	4.125	4.875
16	6	4.125	5
16	6	4.125	5.125
16	6	4.1875	4.75
16	6	4.1875	5
16	6	4.25	4.88889
16	6	4.25	4.9
16	6	4.375	5.375
16	6	4	4.33333
16	6	4	4.55556
16	6	4	4.625
16	6	4	4.66667
16	6	4.5	5.22222
16	7	3.3125	3.57143
16	7	3.4375	3.71429
16	7	3.4375	3.75
16	7	3.4375	3.83333
16	7	3.5	3.85714
16	7	3.5	4
16	7	3.5625	3.75
16	7	3.5625	3.77778
16	7	3.5625	3.85714
16	7	3.5625	4.14286
16	7	3.625	3.71429
16	7	3.625	3.85714
16	7	3.625	3.875
16	7	3.625	4
16	7	3.625	4.16667
16	7	3.625	4.33333
16	7	3.625	4.66667
16	7	3.6875	3.875
16	7	3.6875	4
16	7	3.6875	4.125
16	7	3.6875	4.16667
16	7	3.6875	4.2
16	7	3.6875	4.25
16	7	3.6875	4.28571
16	7	3.6875	4.33333
16	7	3.6875	4.42857
16	7	3.75	4
16	7	3.75	4.11111
16	7	3.75	4.25
16	7	3.75	4.28571
16	7	3.75	4.33333
16	7	3.75	4.42857
16	7	3.75	4.5
16	7	3.75	4.57143
16	7	3.75	4.66667
16	7	3.8125	3.85714
16	7	3.8125	4.125
16	7	3.8125	4.22222
16	7	3.8125	4.42857
16	7	3.8125	4.6
16	7	3.875	4
16	7	3.875	4.33333
16	7	3.875	4.57143
16	7	3.875	4.625
16	7	3.875	4.83333
16	7	3.875	5
16	7	3.9375	4.25
16	7	3.9375	4.375
16	7	3.9375	4.57143
16	7	3.9375	4.71429
16	7	4.0625	4.44444
16	7	4.0625	4.57143
16	7	4.0625	4.625
16	7	4.0625	4.71429
16	7	4.0625	4.75
16	7	4.0625	4.85714
16	7	4.0625	4.875
16	7	4.0625	5.2
16	7	4.125	4.55556
16	7	4.125	4.57143
16	7	4.125	4.625
16	7	4.125	4.75
16	7	4.125	4.83333
16	7	4.1875	4.66667
16	7	4.1875	4.85714
16	7	4.1875	5
16	7	4.1875	5.16667
16	7	4.1875	5.33333
16	7	4.25	4.875
16	7	4.25	5
16	7	4.25	5.16667
16	7	4.25	5.33333
16	7	4.3125	4.71429
16	7	4.3125	4.875
16	7	4.375	5
16	7	4.375	5.14286
16	7	4.375	5.25
16	7	4.375	5.6
16	7	4	4.375
16	7	4.4375	4.88889
16	7	4.4375	5
16	7	4.4375	5.25
16	7	4.4375	5.66667
16	7	4.4375	5.8
16	7	4	4.57143
16	7	4	4.625
16	7	4	4.75
16	7	4	4.85714
16	7	4.5	5
16	7	4.5	5.14286
16	7	4.5	5.42857
16	7	4.5625	5.28571
16	7	4.625	5.3
16	7	4.625	5.42857
16	7	4.625	5.5
16	7	4.625	5.57143
16	7	4.75	5.625
16	7	4.75	6
16	7	4.75	6.4
16	8	3.8125	5
16	8	3.9375	4.125
16	8	4.0625	4.5
16	8	4.0625	4.66667
16	8	4.125	4.42857
16	8	4.125	4.66667
16	8	4.1875	4.625
16	8	4.25	5
16	8	4.3125	4.55556
16	8	4.375	4.875
16	8	4.4375	4.625
16	8	4.4375	5.66667
16	8	4.5	5
16	8	4.5625	5.28571
16	8	4.5625	5.375
16	8	4.5625	6
16	8	4.6875	5.33333
16	8	4.6875	5.5
16	8	4.75	5.83333
16	8	4.8125	6.33333
16	9	4.25	5
16	9	4.75	5
16	9	5.25	5.83333
16	9	5.3125	6.33333
16	9	5	5.85714
32	10	4.53125	5.15385
32	10	4.71875	5
32	10	4.75	5
32	10	4.84375	5.26667
32	10	5.09375	5.84615
32	10	5.15625	5.4375
32	10	5.1875	5.86667
32	10	5.25	5.78571
32	10	5.25	5.8
32	10	5.5	5.76471
32	10	5.5	6.14286
32	10	5.5625	6.05882
32	10	5.65625	6.35294
32	10	5.96875	6.8125
32	10	6.03125	6.93333
32	10	6.03125	7.06667
32	10	6.15625	6.66667
32	11	4.75	4.6875
32	11	5.40625	5.66667
32	11	6.1875	7
32	11	6.3125	7
32	12	6.6875	7.46154
32	5	3.0625	3.28571
32	5	3.0625	3.44444
32	5	3.125	3.45
32	5	3.125	3.61111
32	5	3.15625	3.45
32	5	3.1875	3.57895
32	5	3.1875	3.61111
32	5	3.1875	3.66667
32	5	3.21875	3.76471
32	5	3.25	3.55
32	5	3.25	3.68421
32	5	3.25	3.70588
32	5	3.25	3.72222
32	5	3.28125	3.66667
32	5	3.28125	3.68421
32	5	3.28125	3.75
32	5	3.28125	3.77778
32	5	3.28125	3.8
32	5	3.28125	3.8125
32	5	3.3125	3.77778
32	5	3.3125	3.82353
32	5	3.3125	3.85714
32	5	3.34375	3.63158
32	5	3.34375	3.66667
32	5	3.34375	3.68421
32	5	3.34375	3.77778
32	5	3.34375	3.8125
32	5	3.34375	3.82353
32	5	3.375	3.83333
32	5	3.375	3.88235
32	5	3.375	3.88889
32	5	3.375	4
32	5	3.375	4.06667
32	5	3.40625	3.77778
32	5	3.40625	3.78947
32	5	3.40625	3.83333
32	5	3.40625	3.88235
32	5	3.40625	4
32	5	3.4375	3.83333
32	5	3.4375	3.9375
32	5	3.4375	3.94118
32	5	3.4375	4.0625
32	5	3.4375	4.14286
32	5	3.46875	3.85
32	5	3.46875	3.89474
32	5	3.46875	3.94118
32	5	3.46875	3.94444
32	5	3.46875	3.94737
32	5	3.46875	4
32	5	3.53125	4.29412
32	5	3.5	4.11765
32	5	3.5	4.13333
32	5	3.5625	4
32	5	3.5625	4.05882
32	5	3.59375	4.17647
32	5	3.625	4.22222
32	5	3.625	4.29412
32	5	3.625	4.3125
32	5	3.625	4.33333
32	5	3.65625	4.35714
32	5	3.6875	4.4
32	5	3.78125	4.5
32	5	3.8125	4.41176
32	6	3.15625	3.58824
32	6	3.1875	3.52941
32	6	3.21875	3.58824
32	6	3.21875	3.78571
32	6	3.25	3.73333
32	6	3.28125	3.52381
32	6	3.28125	3.66667
32	6	3.28125	3.6875
32	6	3.28125	3.8125
32	6	3.28125	3.92308
32	6	3.3125	3.58824
32	6	3.3125	3.6
32	6	3.3125	3.75
32	6	3.34375	3.55
32	6	3.34375	3.72222
32	6	3.34375	3.75
32	6	3.34375	3.76471
32	6	3.34375	3.82353
32	6	3.34375	3.86667
32	6	3.34375	3.92857
32	6	3.375	3.65
32	6	3.375	3.82353
32	6	3.375	3.88235
32	6	3.375	3.9375
32	6	3.40625	3.70588
32	6	3.40625	3.77778
32	6	3.40625	3.8
32	6	3.40625	3.82353
32	6	3.40625	3.83333
32	6	3.40625	3.84211
32	6	3.40625	3.88235
32	6	3.40625	3.92857
32	6	3.4375	3.71429
32	6	3.4375	3.88235
32	6	3.4375	3.88889
32	6	3.4375	3.9375
32	6	3.4375	4.14286
32	6	3.46875	3.78947
32	6	3.46875	3.8125
32	6	3.46875	3.84211
32	6	3.46875	3.88889
32	6	3.46875	3.9375
32	6	3.46875	3.94118
32	6	3.46875	4
32	6	3.46875	4.0625
32	6	3.46875	4.14286
32	6	3.53125	3.83333
32	6	3.53125	3.88889
32	6	3.53125	3.89474
32	6	3.53125	3.94118
32	6	3.53125	3.94444
32	6	3.53125	4
32	6	3.53125	4.125
32	6	3.53125	4.14286
32	6	3.53125	4.21429
32	6	3.5	3.68421
32	6	3.5	3.84211
32	6	3.5	3.88235
32	6	3.5	3.88889
32	6	3.5	3.94118
32	6	3.5	4
32	6	3.5	4.05556
32	6	3.5	4.0625
32	6	3.5	4.07143
32	6	3.5625	3.94118
32	6	3.5625	4
32	6	3.5625	4.05556
32	6	3.5625	4.05882
32	6	3.5625	4.0625
32	6	3.5625	4.1875
32	6	3.5625	4.30769
32	6	3.59375	3.88889
32	6	3.59375	3.89474
32	6	3.59375	3.94118
32	6	3.59375	3.94737
32	6	3.59375	4
32	6	3.59375	4.05556
32	6	3.59375	4.05882
32	6	3.59375	4.0625
32	6	3.59375	4.06667
32	6	3.59375	4.11111
32	6	3.59375	4.13333
32	6	3.59375	4.2
32	6	3.59375	4.21429
32	6	3.59375	4.25
32	6	3.59375	4.35714
32	6	3.625	3.84211
32	6	3.625	4
32	6	3.625	4.05556
32	6	3.625	4.125
32	6	3.625	4.2
32	6	3.625	4.22222
32	6	3.625	4.25
32	6	3.625	4.26667
32	6	3.625	4.28571
32	6	3.625	4.4
32	6	3.65625	4
32	6	3.65625	4.05263
32	6	3.65625	4.0625
32	6	3.65625	4.11111
32	6	3.65625	4.11765
32	6	3.65625	4.125
32	6	3.65625	4.16667
32	6	3.65625	4.17647
32	6	3.65625	4.21429
32	6	3.65625	4.25
32	6	3.65625	4.3125
32	6	3.65625	4.33333
32	6	3.6875	4
32	6	3.6875	4.0625
32	6	3.6875	4.16667
32	6	3.6875	4.17647
32	6	3.6875	4.1875
32	6	3.6875	4.2
32	6	3.6875	4.26667
32	6	3.6875	4.3125
32	6	3.6875	4.35714
32	6	3.71875	4.05556
32	6	3.71875	4.10526
32	6	3.71875	4.11111
32	6	3.71875	4.16667
32	6	3.71875	4.17647
32	6	3.71875	4.22222
32	6	3.71875	4.23529
32	6	3.71875	4.25
32	6	3.71875	4.28571
32	6	3.71875	4.3125
32	6	3.71875	4.33333
32	6	3.71875	4.38462
32	6	3.71875	4.42857
32	6	3.71875	4.46667
32	6	3.71875	4.53846
32	6	3.75	4.05
32	6	3.75	4.11765
32	6	3.75	4.125
32	6	3.75	4.15
32	6	3.75	4.17647
32	6	3.75	4.1875
32	6	3.75	4.22222
32	6	3.75	4.26667
32	6	3.75	4.27778
32	6	3.75	4.29412
32	6	3.75	4.3125
32	6	3.75	4.35714
32	6	3.75	4.375
32	6	3.75	4.41176
32	6	3.75	4.42857
32	6	3.75	4.46667
32	6	3.78125	4.05263
32	6	3.78125	4.05556
32	6	3.78125	4.16667
32	6	3.78125	4.1875
32	6	3.78125	4.23529
32	6	3.78125	4.25
32	6	3.78125	4.35294
32	6	3.78125	4.375
32	6	3.78125	4.4
32	6	3.8125	4.29412
32	6	3.8125	4.3125
32	6	3.8125	4.33333
32	6	3.8125	4.35294
32	6	3.8125	4.375
32	6	3.8125	4.5625
32	6	3.84375	4.27778
32	6	3.84375	4.35294
32	6	3.84375	4.375
32	6	3.84375	4.38889
32	6	3.84375	4.4375
32	6	3.84375	4.46667
32	6	3.84375	4.47059
32	6	3.84375	4.5
32	6	3.875	4.17647
32	6	3.875	4.22222
32	6	3.875	4.3125
32	6	3.875	4.33333
32	6	3.875	4.36842
32	6	3.875	4.375
32	6	3.875	4.4
32	6	3.875	4.46667
32	6	3.875	4.5
32	6	3.875	4.625
32	6	3.875	4.64286
32	6	3.875	4.71429
32	6	3.90625	4.21053
32	6	3.90625	4.29412
32	6	3.90625	4.3125
32	6	3.90625	4.33333
32	6	3.90625	4.41176
32	6	3.90625	4.5
32	6	3.90625	4.57143
32	6	3.90625	4.6
32	6	3.90625	4.66667
32	6	3.90625	4.69231
32	6	3.90625	4.71429
32	6	3.90625	4.84615
32	6	3.9375	4.29412
32	6	3.9375	4.38889
32	6	3.9375	4.41176
32	6	3.9375	4.4375
32	6	3.9375	4.53333
32	6	3.9375	4.57143
32	6	3.96875	4.375
32	6	3.96875	4.45
32	6	3.96875	4.47059
32	6	3.96875	4.5
32	6	3.96875	4.52941
32	6	3.96875	4.5625
32	6	3.96875	4.6
32	6	3.96875	4.64286
32	6	4.03125	4.41176
32	6	4.03125	4.52941
32	6	4.03125	4.5625
32	6	4.03125	4.64706
32	6	4.03125	4.66667
32	6	4.03125	4.6875
32	6	4.03125	4.73333
32	6	4.03125	4.85714
32	6	4.0625	4.52941
32	6	4.0625	4.64706
32	6	4.0625	5.09091
32	6	4.09375	4.38889
32	6	4.09375	4.47368
32	6	4.09375	4.55556
32	6	4.09375	4.58824
32	6	4.09375	4.61111
32	6	4.09375	4.70588
32	6	4.09375	4.86667
32	6	4.125	4.66667
32	6	4.125	4.75
32	6	4.125	4.76471
32	6	4.125	4.85714
32	6	4.125	4.92857
32	6	4.15625	4.78571
32	6	4.15625	4.86667
32	6	4.15625	5
32	6	4.15625	5.06667
32	6	4.1875	4.75
32	6	4.1875	4.8125
32	6	4.21875	4.70588
32	6	4.21875	4.93333
32	6	4.25	4.8125
32	6	4.25	4.9375
32	6	4.28125	5
32	6	4.28125	5.07143
32	6	4.3125	4.88889
32	6	4.40625	4.94118
32	6	4.40625	5.17647
32	6	4	4.6
32	6	4	4.625
32	6	4	4.66667
32	6	4.53125	5.33333
32	7	3.34375	3.55556
32	7	3.4375	3.76471
32	7	3.4375	3.875
32	7	3.4375	3.92857
32	7	3.46875	4
32	7	3.53125	3.76471
32	7	3.53125	3.8
32	7	3.53125	3.83333
32	7	3.53125	4.0625
32	7	3.5	3.93333
32	7	3.5	3.9375
32	7	3.5625	3.83333
32	7	3.5625	3.86667
32	7	3.5625	4
32	7	3.59375	3.88235
32	7	3.625	3.88889
32	7	3.625	3.9375
32	7	3.625	3.94737
32	7	3.625	4
32	7	3.625	4.125
32	7	3.625	4.1875
32	7	3.625	4.35714
32	7	3.65625	4
32	7	3.65625	4.21429
32	7	3.6875	3.9
32	7	3.6875	4.11765
32	7	3.6875	4.125
32	7	3.6875	4.17647
32	7	3.6875	4.2
32	7	3.6875	4.3125
32	7	3.71875	4.125
32	7	3.71875	4.23077
32	7	3.71875	4.26667
32	7	3.71875	4.4
32	7	3.75	4
32	7	3.75	4.11765
32	7	3.75	4.17647
32	7	3.75	4.26667
32	7	3.75	4.28571
32	7	3.75	4.35294
32	7	3.75	4.38462
32	7	3.78125	4.05556
32	7	3.78125	4.16667
32	7	3.78125	4.28571
32	7	3.78125	4.42857
32	7	3.78125	4.4375
32	7	3.8125	4.15789
32	7	3.8125	4.25
32	7	3.8125	4.27778
32	7	3.8125	4.29412
32	7	3.8125	4.3125
32	7	3.8125	4.4
32	7	3.8125	4.46667
32	7	3.8125	4.53846
32	7	3.8125	4.57143
32	7	3.84375	4.11765
32	7	3.84375	4.13333
32	7	3.84375	4.16667
32	7	3.84375	4.17647
32	7	3.84375	4.23529
32	7	3.84375	4.25
32	7	3.84375	4.27778
32	7	3.84375	4.29412
32	7	3.84375	4.3125
32	7	3.84375	4.375
32	7	3.84375	4.4
32	7	3.84375	4.42857
32	7	3.84375	4.46667
32	7	3.84375	4.5
32	7	3.84375	4.57143
32	7	3.875	4.25
32	7	3.875	4.4
32	7	3.875	4.42857
32	7	3.875	4.4375
32	7	3.875	4.46154
32	7	3.875	4.61538
32	7	3.90625	4.11765
32	7	3.90625	4.29412
32	7	3.90625	4.33333
32	7	3.90625	4.35714
32	7	3.90625	4.46667
32	7	3.90625	4.53333
32	7	3.90625	4.6
32	7	3.90625	4.66667
32	7	3.9375	4.17647
32	7	3.9375	4.26316
32	7	3.9375	4.27778
32	7	3.9375	4.29412
32	7	3.9375	4.3125
32	7	3.9375	4.31579
32	7	3.9375	4.35714
32	7	3.9375	4.375
32	7	3.9375	4.41176
32	7	3.9375	4.42857
32	7	3.9375	4.4375
32	7	3.9375	4.44444
32	7	3.9375	4.5
32	7	3.9375	4.53333
32	7	3.9375	4.6
32	7	3.9375	4.64286
32	7	3.9375	4.6875
32	7	3.96875	4.23529
32	7	3.96875	4.29412
32	7	3.96875	4.3125
32	7	3.96875	4.31579
32	7	3.96875	4.33333
32	7	3.96875	4.35294
32	7	3.96875	4.38889
32	7	3.96875	4.4
32	7	3.96875	4.41176
32	7	3.96875	4.4375
32	7	3.96875	4.5
32	7	3.96875	4.52941
32	7	3.96875	4.6
32	7	3.96875	4.64286
32	7	3.96875	4.66667
32	7	3.96875	4.6875
32	7	3.96875	4.78571
32	7	4.03125	4.36842
32	7	4.03125	4.41176
32	7	4.03125	4.4375
32	7	4.03125	4.46667
32	7	4.03125	4.5
32	7	4.03125	4.52941
32	7	4.03125	4.53333
32	7	4.03125	4.53846
32	7	4.03125	4.5625
32	7	4.03125	4.66667
32	7	4.03125	4.6875
32	7	4.03125	4.78571
32	7	4.03125	4.82353
32	7	4.0625	4.27778
32	7	4.0625	4.4375
32	7	4.0625	4.44444
32	7	4.0625	4.47059
32	7	4.0625	4.52941
32	7	4.0625	4.6
32	7	4.0625	4.625
32	7	4.0625	4.75
32	7	4.0625	4.8125
32	7	4.09375	4.4375
32	7	4.09375	4.47059
32	7	4.09375	4.5
32	7	4.09375	4.5625
32	7	4.09375	4.57143
32	7	4.09375	4.58824
32	7	4.09375	4.625
32	7	4.09375	4.64706
32	7	4.09375	4.76923
32	7	4.09375	4.78571
32	7	4.09375	4.85714
32	7	4.125	4.36842
32	7	4.125	4.4375
32	7	4.125	4.44444
32	7	4.125	4.47619
32	7	4.125	4.5
32	7	4.125	4.52941
32	7	4.125	4.57143
32	7	4.125	4.61111
32	7	4.125	4.68421
32	7	4.125	4.85714
32	7	4.125	4.875
32	7	4.125	5.27273
32	7	4.15625	4.35714
32	7	4.15625	4.625
32	7	4.15625	4.64706
32	7	4.15625	4.70588
32	7	4.15625	4.73333
32	7	4.15625	4.75
32	7	4.15625	4.8
32	7	4.15625	4.82353
32	7	4.15625	4.86667
32	7	4.15625	4.92308
32	7	4.1875	4.47368
32	7	4.1875	4.5
32	7	4.1875	4.52941
32	7	4.1875	4.53333
32	7	4.1875	4.61111
32	7	4.1875	4.64286
32	7	4.1875	4.66667
32	7	4.1875	4.70588
32	7	4.1875	4.73333
32	7	4.1875	4.76471
32	7	4.1875	4.78571
32	7	4.1875	4.8
32	7	4.1875	4.82353
32	7	4.1875	4.86667
32	7	4.1875	4.875
32	7	4.1875	4.93333
32	7	4.1875	5
32	7	4.21875	4.64706
32	7	4.21875	4.70588
32	7	4.21875	4.75
32	7	4.21875	4.88235
32	7	4.21875	5
32	7	4.25	4.64706
32	7	4.25	4.7
32	7	4.25	4.75
32	7	4.25	4.77778
32	7	4.25	4.8125
32	7	4.25	4.82353
32	7	4.25	4.875
32	7	4.25	4.93333
32	7	4.25	5
32	7	4.25	5.07143
32	7	4.25	5.07692
32	7	4.28125	4.6
32	7	4.28125	4.64706
32	7	4.28125	4.8125
32	7	4.28125	4.9375
32	7	4.28125	5
32	7	4.3125	4.6875
32	7	4.3125	4.8125
32	7	4.3125	4.86667
32	7	4.3125	4.9375
32	7	4.3125	5
32	7	4.3125	5.13333
32	7	4.3125	5.14286
32	7	4.34375	4.78947
32	7	4.34375	4.8
32	7	4.34375	4.8125
32	7	4.34375	4.88235
32	7	4.34375	5
32	7	4.34375	5.07143
32	7	4.375	4.75
32	7	4.375	4.82353
32	7	4.375	4.85714
32	7	4.375	5
32	7	4.375	5.0625
32	7	4.375	5.23077
32	7	4.40625	4.88235
32	7	4.40625	4.93333
32	7	4.40625	4.9375
32	7	4.40625	5.0625
32	7	4.40625	5.13333
32	7	4	4.35714
32	7	4.4375	4.88235
32	7	4.4375	4.88889
32	7	4.4375	5
32	7	4.4375	5.07143
32	7	4.4375	5.125
32	7	4.4375	5.13333
32	7	4.4375	5.21429
32	7	4	4.38889
32	7	4	4.4
32	7	4	4.41176
32	7	4	4.4375
32	7	4	4.53333
32	7	4	4.5625
32	7	4	4.625
32	7	4	4.64286
32	7	4.46875	4.88889
32	7	4.46875	5.23529
32	7	4.46875	5.46154
32	7	4	4.78571
32	7	4.53125	5.0625
32	7	4.53125	5.27778
32	7	4.5	4.88889
32	7	4.5	5
32	7	4.5	5.05882
32	7	4.5	5.3125
32	7	4.5625	5.26667
32	7	4.5625	5.42857
32	7	4.5625	5.4375
32	7	4.59375	5.35714
32	7	4.625	5.13333
32	7	4.625	5.42857
32	7	4.625	5.4375
32	7	4.65625	5.1
32	7	4.65625	5.22222
32	7	4.65625	5.4375
32	7	4.6875	5.35294
32	7	4.6875	5.41176
32	7	4.71875	5.375
32	7	4.71875	5.4
32	7	4.75	5.5
32	7	4.9375	5.73333
32	7	5.0625	5.625
32	8	3.59375	3.84211
32	8	3.6875	3.94444
32	8	3.71875	4.05556
32	8	3.8125	4.06667
32	8	3.84375	4.33333
32	8	3.875	4.2
32	8	3.875	4.25
32	8	3.875	4.28571
32	8	3.875	4.33333
32	8	3.875	4.46154
32	8	3.90625	4.125
32	8	3.90625	4.23529
32	8	3.90625	4.33333
32	8	3.90625	4.35294
32	8	3.90625	4.4
32	8	3.9375	4.25
32	8	3.9375	4.26667
32	8	3.9375	4.27778
32	8	3.9375	4.3125
32	8	3.9375	4.64286
32	8	3.96875	4.2
32	8	3.96875	4.25
32	8	3.96875	4.3125
32	8	3.96875	4.4375
32	8	3.96875	4.6
32	8	4.03125	4.4375
32	8	4.03125	4.64286
32	8	4.0625	4.27778
32	8	4.0625	4.4
32	8	4.0625	4.5625
32	8	4.0625	4.64286
32	8	4.09375	4.42105
32	8	4.09375	4.5
32	8	4.09375	4.5625
32	8	4.09375	4.58824
32	8	4.125	4.41176
32	8	4.125	4.6
32	8	4.125	4.71429
32	8	4.125	5
32	8	4.15625	4.42105
32	8	4.15625	4.73333
32	8	4.1875	4.5
32	8	4.1875	4.52941
32	8	4.1875	4.5625
32	8	4.21875	4.58824
32	8	4.21875	4.63158
32	8	4.21875	4.70588
32	8	4.21875	4.86667
32	8	4.21875	5
32	8	4.25	4.27778
32	8	4.25	4.76471
32	8	4.25	4.92308
32	8	4.25	5
32	8	4.28125	4.625
32	8	4.28125	4.66667
32	8	4.28125	4.72222
32	8	4.28125	4.76471
32	8	4.3125	4.5
32	8	4.3125	4.58824
32	8	4.3125	4.6
32	8	4.3125	4.64286
32	8	4.3125	4.71429
32	8	4.3125	4.72222
32	8	4.3125	4.73333
32	8	4.3125	4.8
32	8	4.3125	4.9375
32	8	4.3125	5
32	8	4.34375	4.66667
32	8	4.34375	4.8
32	8	4.34375	5.06667
32	8	4.34375	5.07143
32	8	4.375	4.6
32	8	4.375	4.75
32	8	4.375	4.8125
32	8	4.375	4.92857
32	8	4.375	4.93333
32	8	4.375	4.94737
32	8	4.375	5
32	8	4.375	5.25
32	8	4.40625	4.82353
32	8	4.40625	4.875
32	8	4.40625	5
32	8	4.40625	5.0625
32	8	4.40625	5.06667
32	8	4.40625	5.15385
32	8	4	4.23529
32	8	4.4375	4.55556
32	8	4.4375	4.58824
32	8	4.4375	4.86667
32	8	4.4375	4.875
32	8	4.4375	4.9375
32	8	4.4375	5
32	8	4.4375	5.125
32	8	4.4375	5.58333
32	8	4	4.4
32	8	4	4.47059
32	8	4.46875	4.875
32	8	4.46875	4.94118
32	8	4.46875	5
32	8	4.46875	5.42857
32	8	4.53125	4.47368
32	8	4.53125	4.88235
32	8	4.53125	4.94118
32	8	4.53125	5.125
32	8	4.53125	5.1875
32	8	4.53125	5.3125
32	8	4.53125	5.38462
32	8	4.5	4.78571
32	8	4.5	5.0625
32	8	4.5	5.06667
32	8	4.5	5.13333
32	8	4.5625	5.0625
32	8	4.5625	5.125
32	8	4.5625	5.13333
32	8	4.5625	5.21429
32	8	4.5625	5.26667
32	8	4.5625	5.33333
32	8	4.59375	5
32	8	4.59375	5.06667
32	8	4.59375	5.13333
32	8	4.59375	5.14286
32	8	4.59375	5.2
32	8	4.625	4.875
32	8	4.625	5.2
32	8	4.65625	5.2
32	8	4.65625	5.33333
32	8	4.65625	5.38462
32	8	4.6875	5.13333
32	8	4.6875	5.41176
32	8	4.6875	5.625
32	8	4.71875	5.16667
32	8	4.71875	5.3125
32	8	4.71875	5.38462
32	8	4.71875	5.46667
32	8	4.71875	5.53333
32	8	4.71875	5.53846
32	8	4.71875	5.57143
32	8	4.71875	5.64286
32	8	4.75	5.125
32	8	4.75	5.1875
32	8	4.75	5.33333
32	8	4.75	5.35294
32	8	4.75	5.5
32	8	4.75	5.58333
32	8	4.75	5.76923
32	8	4.78125	5.71429
32	8	4.8125	5.375
32	8	4.8125	5.6
32	8	4.84375	5.23529
32	8	4.84375	5.29412
32	8	4.84375	5.57143
32	8	4.875	5.35294
32	8	4.875	5.6
32	8	4.90625	5.5
32	8	4.90625	5.53333
32	8	4.9375	5.64706
32	8	4.96875	5.57143
32	8	4.96875	5.8
32	8	4.96875	5.85714
32	8	5.03125	5.6
32	8	5.03125	5.71429
32	8	5.09375	5.66667
32	8	5.09375	5.85714
32	8	5.125	5.76923
32	8	5.125	5.8
32	8	5.125	5.82353
32	8	5.15625	5.8125
32	8	5.21875	5.86667
32	8	5.21875	6.4
32	8	5.28125	6.07143
32	8	5.28125	6.21429
32	8	5	5.4
32	8	5	5.53846
32	8	5	5.5625
32	9	3.90625	4.11765
32	9	3.9375	4
32	9	3.96875	4.23529
32	9	3.96875	4.30769
32	9	4.03125	4.33333
32	9	4.0625	4.26667
32	9	4.15625	4.6
32	9	4.1875	4.66667
32	9	4.28125	4.625
32	9	4.28125	4.6875
32	9	4.28125	4.78571
32	9	4.28125	4.92857
32	9	4.3125	4.55556
32	9	4.34375	5.16667
32	9	4.375	4.82353
32	9	4.40625	4.8125
32	9	4.4375	5
32	9	4.4375	5.07692
32	9	4.46875	4.76471
32	9	4.46875	5
32	9	4.53125	5.0625
32	9	4.53125	5.07143
32	9	4.53125	5.28571
32	9	4.5	4.68421
32	9	4.5	5.2
32	9	4.59375	5
32	9	4.59375	5.33333
32	9	4.625	5.13333
32	9	4.625	5.15385
32	9	4.65625	5.06667
32	9	4.6875	5.2
32	9	4.6875	5.35714
32	9	4.71875	5.38462
32	9	4.71875	5.53333
32	9	4.75	5.125
32	9	4.75	5.15385
32	9	4.78125	5.27778
32	9	4.78125	5.42857
32	9	4.8125	5
32	9	4.8125	5.13333
32	9	4.84375	5.23529
32	9	4.875	5.61538
32	9	4.875	5.81818
32	9	4.875	6
32	9	4.90625	5.17647
32	9	4.90625	5.4375
32	9	4.9375	5.64286
32	9	4.96875	5.66667
32	9	4.96875	5.76923
32	9	5.03125	5.625
32	9	5.0625	5.26667
32	9	5.09375	5.64286
32	9	5.125	5.73333
32	9	5.28125	6.06667
32	9	5.28125	6.25
32	9	5.3125	5.86667
32	9	5.3125	5.88235
32	9	5.3125	6.15385
32	9	5.34375	5.8
32	9	5.375	5.89474
32	9	5.375	6.4375
32	9	5.40625	6
32	9	5.5	5.93333
32	9	5.5625	6.06667
32	9	5.5625	6.1875
32	9	5.71875	6.06667
32	9	5.71875	6.53846
32	9	5.71875	6.55556
32	9	5.78125	6.25
64	10	4.45312	4.83871
64	10	4.51562	4.74194
64	10	4.54688	4.93103
64	10	4.54688	4.9697
64	10	4.5625	5
64	10	4.59375	4.90909
64	10	4.59375	4.93548
64	10	4.59375	5.09677
64	10	4.60938	4.91176
64	10	4.60938	4.96667
64	10	4.60938	5.06452
64	10	4.64062	5.03333
64	10	4.6875	4.66667
64	10	4.6875	5.05882
64	10	4.6875	5.09091
64	10	4.71875	5
64	10	4.71875	5.21212
64	10	4.73438	5.0625
64	10	4.73438	5.15625
64	10	4.73438	5.45161
64	10	4.75	5.39286
64	10	4.76562	5.19355
64	10	4.76562	5.35714
64	10	4.78125	5.5
64	10	4.79688	5.3125
64	10	4.79688	5.32258
64	10	4.8125	5.23529
64	10	4.8125	5.24242
64	10	4.82812	5.25
64	10	4.82812	5.35484
64	10	4.82812	5.37931
64	10	4.84375	5.21875
64	10	4.84375	5.29412
64	10	4.875	5.41935
64	10	4.89062	5.14706
64	10	4.89062	5.63333
64	10	4.90625	5.36667
64	10	4.90625	5.6129
64	10	4.92188	5.1875
64	10	4.92188	5.20588
64	10	4.92188	5.42857
64	10	4.9375	5.3871
64	10	4.9375	5.42424
64	10	4.96875	5.27778
64	10	4.98438	5.36364
64	10	4.98438	5.68966
64	10	5.01562	5.36111
64	10	5.03125	5.6
64	10	5.03125	5.69697
64	10	5.0625	5.53125
64	10	5.09375	5.41935
64	10	5.09375	5.6
64	10	5.10938	5.66667
64	10	5.10938	5.68966
64	10	5.10938	5.69697
64	10	5.10938	5.75
64	10	5.10938	5.88889
64	10	5.125	5.57143
64	10	5.125	5.78571
64	10	5.14062	5.42857
64	10	5.14062	5.54545
64	10	5.15625	5.58824
64	10	5.17188	5.70968
64	10	5.20312	6.03571
64	10	5.21875	5.7
64	10	5.21875	5.88
64	10	5.23438	5.90909
64	10	5.25	5.60606
64	10	5.26562	5.625
64	10	5.26562	5.6875
64	10	5.26562	5.8125
64	10	5.26562	5.92857
64	10	5.26562	5.96552
64	10	5.28125	6.0303
64	10	5.29688	6.03448
64	10	5.29688	6.06667
64	10	5.3125	5.6875
64	10	5.3125	6.1
64	10	5.32812	6.02857
64	10	5.35938	5.65625
64	10	5.35938	6.02857
64	10	5.39062	5.94286
64	10	5.42188	5.9
64	10	5.42188	6.0303
64	10	5.4375	5.94118
64	10	5.45312	5.89655
64	10	5.45312	5.90909
64	10	5.46875	6.06452
64	10	5.48438	6
64	10	5	5.36364
64	10	5.54688	5.8
64	10	5	5.54839
64	10	5.5	5.8
64	10	5.5	5.96667
64	10	5.5	6
64	10	5	5.62069
64	10	5.5625	5.96875
64	10	5.5625	6.14286
64	10	5.5625	6.5
64	10	5.57812	6.45161
64	10	5	5.89655
64	10	5.60938	6.03125
64	10	5.60938	6.46154
64	10	5.625	6
64	10	5.625	6.08824
64	10	5.625	6.09375
64	10	5.65625	6.55556
64	10	5.67188	6.21212
64	10	5.70312	6.26667
64	10	5.75	6.67742
64	10	5.78125	6.13158
64	10	5.9375	6.51613
64	10	5.98438	6.54545
64	10	6.01562	6.60606
64	10	6.01562	6.81481
64	10	6.03125	6.73333
64	10	6.07812	6.375
64	10	6.07812	6.64286
64	10	6.07812	7.03448
64	10	6.20312	6.80645
64	10	6.26562	6.74194
64	10	6.48438	7
64	10	6.53125	6.9697
64	10	6	6.57576
64	11	4.21875	4.4375
64	11	4.32812	4.40541
64	11	4.57812	4.67647
64	11	4.65625	5.06061
64	11	4.78125	5.03125
64	11	4.79688	5.15152
64	11	5.01562	5.51724
64	11	5.0625	5.23529
64	11	5.07812	5.37143
64	11	5.10938	5.42424
64	11	5.14062	5.36667
64	11	5.17188	5.38235
64	11	5.1875	5.64286
64	11	5.1875	5.64706
64	11	5.1875	5.72414
64	11	5.20312	5.6
64	11	5.21875	5.8
64	11	5.23438	5.48485
64	11	5.25	5.67647
64	11	5.3125	5.8
64	11	5.34375	5.70588
64	11	5.39062	5.86207
64	11	5.40625	5.8125
64	11	5.46875	5.9
64	11	5.51562	6
64	11	5.5	5.9375
64	11	5.5625	6
64	11	5.625	5.79412
64	11	5.625	6.09375
64	11	5.64062	6.32258
64	11	5.75	6.3871
64	11	5.76562	6.09091
64	11	5.875	6.43243
64	11	5.875	6.56667
64	11	5.89062	6.0625
64	11	5.9375	6.46667
64	11	5.9375	6.48485
64	11	6.03125	6.5
64	11	6.03125	6.74074
64	11	6.14062	6.90909
64	11	6.75	7.26667
64	12	4.79688	5.26667
64	12	5.10938	5.11429
64	12	5.125	5.27273
64	12	5.125	5.46429
64	12	5.125	5.62069
64	12	5.125	5.88462
64	12	5.35938	5.73333
64	12	5.39062	5.70968
64	12	5.54688	5.93548
64	12	5.625	6
64	12	5.65625	5.87097
64	12	5.76562	6.1
64	12	5.76562	6.59259
64	12	5.82812	6.3
64	12	5.90625	6.3
64	12	6.0625	6.4
64	12	6.10938	6.4375
64	12	6.14062	6.45161
64	12	6.20312	6.69697
64	12	6.21875	6.88889
64	12	6.35938	7
64	12	6.625	7.36667
64	12	6.875	7.6
64	13	5.54688	5.72727
64	13	5.64062	5.83333
64	13	5.9375	6.58621
64	13	6.25	6.75862
64	14	5.92188	5.91176
64	14	6.84375	7.12903
64	14	7.53125	8.37931
64	6	3.5625	4.02941
64	6	3.625	4.08824
64	6	3.75	4.22222
64	6	3.75	4.26471
64	6	3.8125	4.11111
64	6	3.8125	4.33333
64	6	3.82812	4.4
64	6	3.85938	4.33333
64	6	3.90625	4.45161
64	6	3.92188	4.31707
64	6	3.92188	4.37143
64	6	3.95312	4.36364
64	6	3.95312	4.46875
64	6	3.95312	4.48571
64	6	3.98438	4.44118
64	6	4.01562	4.41176
64	6	4.01562	4.45714
64	6	4.01562	4.52941
64	6	4.04688	4.57576
64	6	4.09375	4.72414
64	6	4.125	4.58824
64	6	4.125	4.66667
64	6	4.15625	4.5
64	6	4.17188	4.77143
64	6	4	4.64516
64	7	3.65625	4.0303
64	7	3.67188	4.23333
64	7	3.8125	4.25806
64	7	3.82812	4.40625
64	7	3.84375	4.34375
64	7	3.84375	4.35294
64	7	3.85938	4.40625
64	7	3.875	4.26471
64	7	3.89062	4.26471
64	7	3.89062	4.27273
64	7	3.89062	4.3125
64	7	3.92188	4.21053
64	7	3.92188	4.21622
64	7	3.92188	4.41176
64	7	3.92188	4.41935
64	7	3.92188	4.45161
64	7	3.92188	4.46667
64	7	3.92188	4.56667
64	7	3.9375	4.37838
64	7	3.9375	4.5
64	7	3.95312	4.33333
64	7	3.95312	4.45455
64	7	3.95312	4.5625
64	7	3.96875	4.41667
64	7	3.98438	4.48571
64	7	4.01562	4.42424
64	7	4.01562	4.54545
64	7	4.03125	4.46875
64	7	4.03125	4.54839
64	7	4.03125	4.58621
64	7	4.04688	4.41176
64	7	4.04688	4.75862
64	7	4.0625	4.45455
64	7	4.0625	4.63333
64	7	4.07812	4.5625
64	7	4.07812	4.6
64	7	4.07812	4.625
64	7	4.09375	4.46875
64	7	4.09375	4.48387
64	7	4.09375	4.5
64	7	4.09375	4.55882
64	7	4.09375	4.57576
64	7	4.10938	4.5
64	7	4.10938	4.57143
64	7	4.10938	4.62069
64	7	4.10938	4.625
64	7	4.10938	4.65625
64	7	4.10938	4.66667
64	7	4.10938	4.76667
64	7	4.125	4.57143
64	7	4.125	4.59375
64	7	4.125	4.64706
64	7	4.125	4.67647
64	7	4.14062	4.52941
64	7	4.14062	4.59375
64	7	4.14062	4.70588
64	7	4.14062	4.75862
64	7	4.15625	4.57143
64	7	4.15625	4.58065
64	7	4.15625	4.60606
64	7	4.15625	4.61765
64	7	4.15625	4.64706
64	7	4.15625	4.70588
64	7	4.15625	4.72414
64	7	4.15625	4.73529
64	7	4.15625	4.8
64	7	4.17188	4.59375
64	7	4.17188	4.70968
64	7	4.1875	4.73333
64	7	4.1875	4.8
64	7	4.1875	4.89286
64	7	4.20312	4.75
64	7	4.21875	4.62162
64	7	4.21875	4.67568
64	7	4.21875	4.75758
64	7	4.23438	4.79412
64	7	4.25	4.69444
64	7	4.25	4.8125
64	7	4.25	4.85714
64	7	4.25	4.88889
64	7	4.25	4.89286
64	7	4.26562	4.72727
64	7	4.28125	4.62857
64	7	4.28125	4.66667
64	7	4.28125	4.75
64	7	4.28125	4.76471
64	7	4.28125	4.81818
64	7	4.28125	4.87097
64	7	4.29688	4.75
64	7	4.29688	4.82353
64	7	4.29688	4.96774
64	7	4.3125	4.80556
64	7	4.3125	4.8125
64	7	4.3125	4.83333
64	7	4.3125	4.90323
64	7	4.3125	4.93548
64	7	4.3125	4.96667
64	7	4.32812	4.82353
64	7	4.32812	4.87097
64	7	4.32812	4.9
64	7	4.32812	5.06667
64	7	4.34375	4.76471
64	7	4.34375	4.8
64	7	4.34375	4.83333
64	7	4.34375	4.85294
64	7	4.34375	4.87097
64	7	4.34375	4.90625
64	7	4.35938	5
64	7	4.35938	5.06452
64	7	4.35938	5.25
64	7	4.375	4.88235
64	7	4.375	4.97059
64	7	4.39062	4.78788
64	7	4.39062	4.96875
64	7	4.39062	5
64	7	4.39062	5.12903
64	7	4.42188	4.85714
64	7	4.42188	4.88235
64	7	4.42188	4.93548
64	7	4.4375	4.87097
64	7	4.4375	4.93939
64	7	4.4375	4.96875
64	7	4.4375	5.14286
64	7	4.4375	5.18182
64	7	4	4.48387
64	7	4	4.48485
64	7	4	4.5
64	7	4.45312	4.96875
64	7	4.45312	5.03125
64	7	4.46875	4.88571
64	7	4.46875	4.90625
64	7	4.46875	5.06667
64	7	4.46875	5.12903
64	7	4.48438	4.88235
64	7	4.48438	4.96552
64	7	4.48438	5.09677
64	7	4.48438	5.16667
64	7	4.48438	5.24138
64	7	4.51562	4.83784
64	7	4.51562	5.02857
64	7	4.51562	5.05882
64	7	4.51562	5.19355
64	7	4.53125	5.0303
64	7	4.53125	5.27586
64	7	4.54688	5.15625
64	7	4.5	5
64	7	4.5	5.09091
64	7	4.5625	5.10345
64	7	4.5625	5.2
64	7	4.57812	5.05714
64	7	4.57812	5.09375
64	7	4.57812	5.125
64	7	4.57812	5.16129
64	7	4.59375	5.14286
64	7	4.59375	5.2069
64	7	4.59375	5.26667
64	7	4.60938	5.06061
64	7	4.60938	5.42857
64	7	4.625	5.3125
64	7	4.67188	5.2
64	7	4.67188	5.53571
64	7	4.70312	5.55172
64	7	4.73438	5.3125
64	7	4.76562	5.17949
64	7	4.76562	5.3871
64	7	4.76562	5.39394
64	7	4.78125	5.36364
64	7	4.78125	5.40625
64	7	4.79688	5.4375
64	7	4.85938	5.74074
64	7	4.90625	5.48485
64	7	4.9375	5.6875
64	7	5.07812	5.76667
64	7	5.09375	5.67647
64	8	3.90625	4.34375
64	8	3.90625	4.35484
64	8	3.92188	4.23529
64	8	3.9375	4.29412
64	8	3.9375	4.30556
64	8	3.96875	4.08333
64	8	3.96875	4.53333
64	8	3.98438	4.41176
64	8	4.01562	4.40625
64	8	4.01562	4.5
64	8	4.03125	4.30556
64	8	4.03125	4.48485
64	8	4.04688	4.22857
64	8	4.04688	4.4
64	8	4.04688	4.42424
64	8	4.04688	4.60606
64	8	4.07812	4.47222
64	8	4.07812	4.58065
64	8	4.09375	4.51515
64	8	4.09375	4.58824
64	8	4.10938	4.52778
64	8	4.10938	4.55882
64	8	4.10938	4.75
64	8	4.125	4.47059
64	8	4.125	4.52941
64	8	4.125	4.65625
64	8	4.14062	4.53125
64	8	4.14062	4.55172
64	8	4.14062	4.625
64	8	4.15625	4.53125
64	8	4.15625	4.57576
64	8	4.15625	4.71875
64	8	4.17188	4.57143
64	8	4.17188	4.72727
64	8	4.17188	4.74194
64	8	4.1875	4.6129
64	8	4.1875	4.65517
64	8	4.1875	4.7
64	8	4.1875	4.71875
64	8	4.1875	4.74194
64	8	4.20312	4.44118
64	8	4.20312	4.625
64	8	4.21875	4.58065
64	8	4.21875	4.63636
64	8	4.21875	4.67647
64	8	4.21875	4.84375
64	8	4.23438	4.6875
64	8	4.23438	4.72727
64	8	4.23438	4.8
64	8	4.23438	4.96552
64	8	4.25	4.61765
64	8	4.25	4.8
64	8	4.25	4.90323
64	8	4.26562	4.7037
64	8	4.26562	4.71875
64	8	4.26562	4.87097
64	8	4.26562	4.89286
64	8	4.26562	4.89655
64	8	4.26562	4.96296
64	8	4.28125	4.66667
64	8	4.28125	4.7027
64	8	4.28125	4.9375
64	8	4.28125	5.03448
64	8	4.29688	4.63636
64	8	4.29688	4.72727
64	8	4.29688	4.74286
64	8	4.29688	4.76471
64	8	4.29688	4.77419
64	8	4.29688	4.81818
64	8	4.29688	4.83871
64	8	4.29688	4.875
64	8	4.3125	4.68571
64	8	4.3125	5
64	8	4.32812	4.62857
64	8	4.32812	4.96875
64	8	4.34375	4.64865
64	8	4.34375	4.75
64	8	4.34375	4.78125
64	8	4.34375	4.85294
64	8	4.34375	4.90625
64	8	4.34375	4.93333
64	8	4.34375	5.09677
64	8	4.35938	4.69697
64	8	4.35938	4.72727
64	8	4.35938	4.87879
64	8	4.375	4.65714
64	8	4.375	4.72727
64	8	4.375	4.73333
64	8	4.375	4.84375
64	8	4.375	4.84848
64	8	4.375	4.87097
64	8	4.375	4.875
64	8	4.375	5
64	8	4.375	5.03333
64	8	4.375	5.06452
64	8	4.39062	4.75758
64	8	4.39062	4.87879
64	8	4.39062	4.88235
64	8	4.39062	4.9
64	8	4.39062	4.91176
64	8	4.39062	5.03333
64	8	4.40625	4.9375
64	8	4.40625	5.13333
64	8	4.42188	4.8
64	8	4.42188	4.8125
64	8	4.4375	4.82857
64	8	4.4375	4.84375
64	8	4.4375	5.10345
64	8	4.4375	5.25
64	8	4.45312	4.84615
64	8	4.45312	4.875
64	8	4.45312	4.88235
64	8	4.45312	4.91176
64	8	4.45312	4.91429
64	8	4.45312	4.97059
64	8	4	4.53125
64	8	4.45312	5.03125
64	8	4.46875	4.83333
64	8	4.46875	4.87097
64	8	4.46875	4.94118
64	8	4.46875	4.96875
64	8	4.46875	4.97059
64	8	4.46875	5
64	8	4.46875	5.03226
64	8	4.46875	5.10345
64	8	4.48438	4.77143
64	8	4.48438	4.88889
64	8	4.48438	4.90323
64	8	4.48438	4.91667
64	8	4.48438	4.94286
64	8	4.48438	4.96875
64	8	4.48438	4.9697
64	8	4.48438	4.97059
64	8	4.48438	5.06061
64	8	4.48438	5.09677
64	8	4.51562	4.69697
64	8	4.51562	4.90909
64	8	4.51562	4.96875
64	8	4.51562	5
64	8	4.53125	4.81818
64	8	4.53125	5
64	8	4.53125	5.03226
64	8	4.53125	5.09375
64	8	4.53125	5.12903
64	8	4.53125	5.14706
64	8	4.53125	5.15152
64	8	4.53125	5.16129
64	8	4.54688	4.93548
64	8	4.54688	5.0303
64	8	4.54688	5.1
64	8	4.5	4.93939
64	8	4.5	5
64	8	4.5	5.13793
64	8	4.5	5.15625
64	8	4.5625	5
64	8	4.5625	5.12121
64	8	4.5625	5.125
64	8	4.5625	5.15625
64	8	4.57812	5
64	8	4.57812	5.0303
64	8	4.57812	5.03125
64	8	4.57812	5.05882
64	8	4.57812	5.0625
64	8	4.57812	5.08571
64	8	4.57812	5.11111
64	8	4.57812	5.11765
64	8	4.57812	5.17241
64	8	4.57812	5.18519
64	8	4.59375	4.9375
64	8	4.59375	5.05882
64	8	4.59375	5.09375
64	8	4.59375	5.16667
64	8	4.59375	5.19355
64	8	4.59375	5.26667
64	8	4.59375	5.41379
64	8	4.60938	5
64	8	4.60938	5.06061
64	8	4.60938	5.08571
64	8	4.60938	5.12903
64	8	4.60938	5.21212
64	8	4.60938	5.21875
64	8	4.625	4.87879
64	8	4.625	5.14286
64	8	4.64062	4.94444
64	8	4.64062	5.05882
64	8	4.64062	5.16667
64	8	4.64062	5.2
64	8	4.64062	5.23333
64	8	4.64062	5.25
64	8	4.64062	5.39286
64	8	4.65625	5
64	8	4.65625	5.03125
64	8	4.65625	5.21875
64	8	4.65625	5.25714
64	8	4.67188	5.23333
64	8	4.67188	5.25806
64	8	4.67188	5.2963
64	8	4.6875	5.05263
64	8	4.6875	5.08571
64	8	4.6875	5.15152
64	8	4.6875	5.18182
64	8	4.6875	5.29032
64	8	4.70312	5.21212
64	8	4.70312	5.21875
64	8	4.70312	5.24242
64	8	4.70312	5.26667
64	8	4.70312	5.51724
64	8	4.71875	5.1875
64	8	4.71875	5.29412
64	8	4.71875	5.37931
64	8	4.71875	5.45455
64	8	4.71875	5.46667
64	8	4.71875	5.54839
64	8	4.73438	5.15625
64	8	4.73438	5.16129
64	8	4.73438	5.23333
64	8	4.73438	5.23529
64	8	4.73438	5.26667
64	8	4.73438	5.29412
64	8	4.73438	5.32258
64	8	4.75	5.125
64	8	4.75	5.19355
64	8	4.75	5.3125
64	8	4.75	5.32258
64	8	4.75	5.34375
64	8	4.75	5.44828
64	8	4.76562	5.36667
64	8	4.78125	5.09091
64	8	4.78125	5.12121
64	8	4.78125	5.25
64	8	4.78125	5.3871
64	8	4.78125	5.41935
64	8	4.78125	5.46875
64	8	4.79688	5.35294
64	8	4.79688	5.36364
64	8	4.79688	5.375
64	8	4.79688	5.46429
64	8	4.8125	5.24242
64	8	4.8125	5.26471
64	8	4.8125	5.28125
64	8	4.8125	5.29412
64	8	4.8125	5.30303
64	8	4.8125	5.31034
64	8	4.8125	5.34375
64	8	4.8125	5.35294
64	8	4.8125	5.48387
64	8	4.82812	5.23529
64	8	4.82812	5.45161
64	8	4.82812	5.51852
64	8	4.84375	5.28125
64	8	4.84375	5.29412
64	8	4.84375	5.30556
64	8	4.84375	5.3871
64	8	4.85938	5.28571
64	8	4.85938	5.375
64	8	4.85938	5.45161
64	8	4.85938	5.54839
64	8	4.85938	5.62069
64	8	4.875	5.28125
64	8	4.875	5.33333
64	8	4.875	5.51515
64	8	4.875	5.67857
64	8	4.89062	5.21212
64	8	4.89062	5.3125
64	8	4.89062	5.34375
64	8	4.89062	5.44118
64	8	4.89062	5.46875
64	8	4.90625	5.31429
64	8	4.90625	5.3871
64	8	4.90625	5.42424
64	8	4.92188	5.375
64	8	4.92188	5.41176
64	8	4.92188	5.46667
64	8	4.92188	5.51515
64	8	4.92188	5.75862
64	8	4.9375	5.4
64	8	4.9375	5.47059
64	8	4.9375	5.48387
64	8	4.9375	5.51515
64	8	4.95312	5.42424
64	8	4.95312	5.44444
64	8	4.95312	5.7
64	8	4.96875	5.55556
64	8	4.96875	5.6875
64	8	4.98438	5.38889
64	8	4.98438	5.46667
64	8	4.98438	5.54839
64	8	4.98438	5.67857
64	8	5.01562	5.60606
64	8	5.01562	5.6875
64	8	5.03125	5.47368
64	8	5.04688	5.57143
64	8	5.04688	5.66667
64	8	5.0625	5.73529
64	8	5.09375	5.57576
64	8	5.09375	5.58333
64	8	5.09375	5.61765
64	8	5.125	5.5
64	8	5.125	5.54545
64	8	5.14062	5.64516
64	8	5.15625	5.67647
64	8	5.15625	5.74286
64	8	5.20312	5.65625
64	8	5.20312	5.80645
64	8	5.21875	5.93548
64	8	5.23438	5.80645
64	8	5.25	5.79412
64	8	5.28125	5.96296
64	8	5.29688	6
64	8	5.34375	5.93103
64	8	5.39062	5.88889
64	8	5.4375	6.14706
64	8	5	5.48571
64	8	5	5.51724
64	8	5	5.5625
64	8	5	5.65625
64	8	5	5.7
64	9	3.9375	4.24242
64	9	4.07812	4.31429
64	9	4.07812	4.32353
64	9	4.10938	4.4375
64	9	4.10938	4.5
64	9	4.10938	4.59375
64	9	4.125	4.56667
64	9	4.15625	4.78571
64	9	4.1875	4.5
64	9	4.21875	4.625
64	9	4.21875	4.64706
64	9	4.23438	4.41667
64	9	4.23438	4.67647
64	9	4.25	4.63333
64	9	4.26562	4.6875
64	9	4.26562	4.69697
64	9	4.28125	4.38235
64	9	4.28125	4.64516
64	9	4.3125	4.57143
64	9	4.3125	4.86667
64	9	4.32812	4.69697
64	9	4.32812	4.92857
64	9	4.34375	4.75
64	9	4.35938	4.69697
64	9	4.35938	4.74194
64	9	4.35938	5
64	9	4.375	4.83333
64	9	4.39062	4.63636
64	9	4.39062	4.77143
64	9	4.40625	4.78788
64	9	4.4375	4.78125
64	9	4.4375	4.96774
64	9	4.4375	5.03125
64	9	4.4375	5.07143
64	9	4.45312	4.90625
64	9	4.45312	4.9697
64	9	4.45312	5
64	9	4.46875	4.69697
64	9	4.46875	4.84375
64	9	4.46875	4.9697
64	9	4.48438	4.7027
64	9	4.51562	4.96774
64	9	4.51562	5.03448
64	9	4.53125	4.8
64	9	4.53125	4.87097
64	9	4.53125	4.90625
64	9	4.53125	4.9375
64	9	4.53125	5.16129
64	9	4.54688	4.86486
64	9	4.5	5.03448
64	9	4.5625	4.91176
64	9	4.5625	4.9375
64	9	4.5625	4.94118
64	9	4.5625	5
64	9	4.57812	5.03226
64	9	4.57812	5.21875
64	9	4.59375	5.12903
64	9	4.60938	4.90909
64	9	4.60938	5.16129
64	9	4.60938	5.16667
64	9	4.60938	5.41379
64	9	4.625	5
64	9	4.625	5.17241
64	9	4.625	5.19355
64	9	4.64062	5.02778
64	9	4.64062	5.15625
64	9	4.64062	5.16129
64	9	4.64062	5.34375
64	9	4.65625	5
64	9	4.67188	5.26667
64	9	4.6875	5.05714
64	9	4.6875	5.0625
64	9	4.6875	5.21212
64	9	4.6875	5.25806
64	9	4.6875	5.40625
64	9	4.70312	5.09375
64	9	4.70312	5.125
64	9	4.70312	5.12903
64	9	4.71875	5.19355
64	9	4.71875	5.2
64	9	4.73438	5.09375
64	9	4.73438	5.14286
64	9	4.73438	5.16129
64	9	4.73438	5.1875
64	9	4.73438	5.2
64	9	4.73438	5.24138
64	9	4.73438	5.26667
64	9	4.73438	5.28125
64	9	4.75	5.02941
64	9	4.75	5.0303
64	9	4.75	5.16216
64	9	4.75	5.23333
64	9	4.75	5.25
64	9	4.75	5.27273
64	9	4.75	5.28125
64	9	4.75	5.3125
64	9	4.75	5.34375
64	9	4.75	5.3871
64	9	4.76562	5.11765
64	9	4.76562	5.2
64	9	4.76562	5.26667
64	9	4.76562	5.32143
64	9	4.76562	5.37037
64	9	4.76562	5.52
64	9	4.78125	5.12903
64	9	4.78125	5.19355
64	9	4.78125	5.27273
64	9	4.78125	5.37037
64	9	4.78125	5.375
64	9	4.78125	5.44828
64	9	4.79688	5.12121
64	9	4.79688	5.30303
64	9	4.79688	5.41935
64	9	4.8125	5.14286
64	9	4.8125	5.20588
64	9	4.8125	5.25
64	9	4.8125	5.26471
64	9	4.8125	5.3125
64	9	4.8125	5.36364
64	9	4.8125	5.51613
64	9	4.8125	5.53846
64	9	4.82812	5.21622
64	9	4.82812	5.28571
64	9	4.82812	5.36364
64	9	4.84375	5.21212
64	9	4.84375	5.32258
64	9	4.84375	5.375
64	9	4.84375	5.41935
64	9	4.84375	5.42857
64	9	4.84375	5.4375
64	9	4.85938	5.08824
64	9	4.85938	5.22222
64	9	4.85938	5.35484
64	9	4.85938	5.41379
64	9	4.85938	5.46667
64	9	4.875	5.11765
64	9	4.875	5.37931
64	9	4.875	5.38235
64	9	4.89062	5.32258
64	9	4.89062	5.33333
64	9	4.89062	5.44828
64	9	4.89062	5.57576
64	9	4.90625	5.40625
64	9	4.92188	5.375
64	9	4.92188	5.46667
64	9	4.9375	5.36667
64	9	4.9375	5.45161
64	9	4.9375	5.5
64	9	4.95312	5.41176
64	9	4.95312	5.43333
64	9	4.95312	5.4375
64	9	4.95312	5.48387
64	9	4.95312	5.70968
64	9	4.96875	5.36364
64	9	4.96875	5.51429
64	9	4.96875	5.59375
64	9	4.96875	5.64706
64	9	4.98438	5.375
64	9	4.98438	5.45161
64	9	4.98438	5.51613
64	9	4.98438	5.53333
64	9	4.98438	5.58824
64	9	4.98438	5.6
64	9	4.98438	5.6875
64	9	5.01562	5.45455
64	9	5.01562	5.53125
64	9	5.01562	5.53333
64	9	5.01562	5.66667
64	9	5.03125	5.28125
64	9	5.03125	5.4375
64	9	5.03125	5.92308
64	9	5.04688	5.51724
64	9	5.04688	5.54545
64	9	5.04688	5.58333
64	9	5.04688	5.71875
64	9	5.04688	5.77778
64	9	5.04688	5.8
64	9	5.0625	5.47222
64	9	5.0625	5.56667
64	9	5.0625	5.82759
64	9	5.07812	5.42424
64	9	5.07812	5.5
64	9	5.07812	5.86207
64	9	5.09375	5.51429
64	9	5.09375	5.51613
64	9	5.09375	5.53125
64	9	5.09375	5.61765
64	9	5.09375	5.63333
64	9	5.10938	5.46875
64	9	5.10938	5.47059
64	9	5.10938	5.67647
64	9	5.125	5.46875
64	9	5.125	5.54286
64	9	5.125	5.63636
64	9	5.125	5.7
64	9	5.14062	5.70968
64	9	5.14062	5.72727
64	9	5.14062	5.76471
64	9	5.14062	5.76667
64	9	5.15625	5.78125
64	9	5.1875	5.69697
64	9	5.1875	5.90909
64	9	5.20312	5.83871
64	9	5.20312	5.86667
64	9	5.21875	5.73529
64	9	5.21875	5.8125
64	9	5.21875	5.83333
64	9	5.21875	5.86207
64	9	5.23438	5.84375
64	9	5.23438	5.96552
64	9	5.25	5.54286
64	9	5.25	5.70588
64	9	5.25	5.74286
64	9	5.26562	6.06897
64	9	5.28125	5.9375
64	9	5.29688	5.86667
64	9	5.29688	5.93103
64	9	5.29688	5.96774
64	9	5.3125	5.75758
64	9	5.3125	5.84848
64	9	5.3125	6.19355
64	9	5.3125	6.4
64	9	5.32812	5.75758
64	9	5.32812	5.79412
64	9	5.32812	6.0625
64	9	5.35938	5.60606
64	9	5.375	5.90323
64	9	5.39062	5.72222
64	9	5.39062	5.87879
64	9	5.42188	5.85714
64	9	5.42188	5.96875
64	9	5.4375	6.03226
64	9	5.45312	6.0625
64	9	5.48438	5.96774
64	9	5.48438	6.06452
64	9	5.53125	6
64	9	5	5.48485
64	9	5	5.52941
64	9	5.57812	6.09375
64	9	5	5.89655
64	9	5.59375	6.1
64	9	5.59375	6.14706
64	9	5.59375	6.34375
64	9	5.60938	6.18182
64	9	5.60938	6.2069
64	9	5.60938	6.21212
64	9	5.60938	6.34483
64	9	5.625	6.12121
64	9	5.65625	6.26667
64	9	5.6875	6.17143
64	9	5.75	6.35484
64	9	5.75	6.40625
64	9	5.8125	6.18182
64	9	5.875	6.6129
64	9	5.9375	6.57576
64	9	6.0625	6.6875
64	9	6.51562	7.29032
128	10	4.53906	5.0303
128	10	4.59375	5.06349
128	10	4.61719	4.91304
128	10	4.625	5.01471
128	10	4.63281	5.04839
128	10	4.64062	5.04545
128	10	4.67969	5.21053
128	10	4.71094	5.01515
128	10	4.72656	5.05882
128	10	4.75	5.27869
128	10	4.76562	5.15385
128	10	4.76562	5.2381
128	10	4.76562	5.30159
128	10	4.77344	5.22951
128	10	4.79688	5.15385
128	10	4.8125	5.31818
128	10	4.82031	5.28814
128	10	4.82812	5.29231
128	10	4.83594	5.27692
128	10	4.85156	5.32308
128	10	4.86719	5.24638
128	10	4.875	5.32812
128	10	4.875	5.38333
128	10	4.89062	5.28125
128	10	4.89062	5.43548
128	10	4.89844	5.34921
128	10	4.89844	5.40299
128	10	4.89844	5.46667
128	10	4.90625	5.34848
128	10	4.92188	5.40323
128	10	4.92969	5.21667
128	10	4.92969	5.42857
128	10	4.9375	5.43548
128	10	4.94531	5.45312
128	10	4.94531	5.66667
128	10	4.95312	5.3913
128	10	4.95312	5.4127
128	10	4.96094	5.32812
128	10	5.00781	5.60938
128	10	5.01562	5.56061
128	10	5.01562	5.61194
128	10	5.02344	5.43284
128	10	5.02344	5.48438
128	10	5.02344	5.57812
128	10	5.03125	5.48387
128	10	5.07031	5.43662
128	10	5.07031	5.59155
128	10	5.07031	5.68254
128	10	5.07812	5.55224
128	10	5.07812	5.67692
128	10	5.10156	5.54286
128	10	5.10156	5.6875
128	10	5.10938	5.50746
128	10	5.10938	5.71875
128	10	5.11719	5.41429
128	10	5.11719	5.60938
128	10	5.11719	5.73016
128	10	5.125	5.52239
128	10	5.125	5.5303
128	10	5.13281	5.57971
128	10	5.14062	5.68333
128	10	5.15625	5.64706
128	10	5.15625	5.67188
128	10	5.15625	5.67742
128	10	5.15625	5.6875
128	10	5.16406	5.51562
128	10	5.16406	5.61538
128	10	5.16406	5.64062
128	10	5.16406	5.7619
128	10	5.16406	5.80952
128	10	5.17188	5.73016
128	10	5.17188	5.83607
128	10	5.17969	5.61194
128	10	5.17969	5.68254
128	10	5.17969	5.78462
128	10	5.17969	5.78689
128	10	5.1875	5.71667
128	10	5.1875	5.72881
128	10	5.1875	5.74627
128	10	5.19531	5.49254
128	10	5.20312	5.7931
128	10	5.21094	5.64516
128	10	5.21875	5.7541
128	10	5.21875	5.76667
128	10	5.22656	5.64706
128	10	5.22656	5.70149
128	10	5.22656	5.74603
128	10	5.22656	5.77273
128	10	5.22656	5.80328
128	10	5.23438	5.70149
128	10	5.23438	5.71875
128	10	5.23438	5.77612
128	10	5.23438	5.8
128	10	5.23438	5.89474
128	10	5.24219	5.68182
128	10	5.24219	5.69355
128	10	5.24219	5.69697
128	10	5.24219	5.87719
128	10	5.25	5.67742
128	10	5.25	5.70492
128	10	5.25781	5.69492
128	10	5.25781	5.77778
128	10	5.26562	5.71429
128	10	5.26562	5.80645
128	10	5.26562	5.83077
128	10	5.27344	5.67164
128	10	5.28125	5.93333
128	10	5.28906	5.75758
128	10	5.28906	5.79365
128	10	5.28906	5.82258
128	10	5.28906	5.87302
128	10	5.29688	5.76471
128	10	5.29688	5.83333
128	10	5.30469	5.75385
128	10	5.30469	5.78462
128	10	5.3125	5.69231
128	10	5.32031	5.81967
128	10	5.32812	5.62687
128	10	5.32812	5.84375
128	10	5.32812	5.9661
128	10	5.33594	5.71429
128	10	5.33594	5.94915
128	10	5.35156	5.85075
128	10	5.35156	5.86154
128	10	5.35938	5.77612
128	10	5.35938	5.86364
128	10	5.35938	5.96429
128	10	5.36719	5.69565
128	10	5.36719	5.9403
128	10	5.36719	5.96552
128	10	5.36719	6
128	10	5.36719	6.04839
128	10	5.375	5.84746
128	10	5.375	5.92537
128	10	5.375	5.97059
128	10	5.38281	5.98485
128	10	5.39062	5.75806
128	10	5.39062	5.96875
128	10	5.39062	5.98438
128	10	5.39844	5.87097
128	10	5.39844	5.87302
128	10	5.39844	5.98462
128	10	5.39844	6.01639
128	10	5.39844	6.09091
128	10	5.40625	5.92647
128	10	5.40625	6
128	10	5.41406	5.79688
128	10	5.41406	5.95385
128	10	5.42188	6
128	10	5.4375	5.85075
128	10	5.4375	5.92424
128	10	5.4375	5.93443
128	10	5.4375	6
128	10	5.44531	5.92537
128	10	5.44531	6.06452
128	10	5.45312	5.86441
128	10	5.45312	5.86567
128	10	5.45312	5.87692
128	10	5.45312	5.93651
128	10	5.45312	6.07937
128	10	5.46094	5.97015
128	10	5.46094	5.98333
128	10	5.46094	6.1
128	10	5.46875	5.95455
128	10	5.46875	6
128	10	5.46875	6.08475
128	10	5.46875	6.16071
128	10	5.47656	6
128	10	5.47656	6.04839
128	10	5.50781	5.90476
128	10	5.50781	5.92188
128	10	5.50781	6
128	10	5.50781	6.01538
128	10	5.50781	6.05
128	10	5.51562	6.18966
128	10	5.52344	5.96875
128	10	5.52344	6
128	10	5.52344	6.01538
128	10	5.52344	6.04615
128	10	5.52344	6.04688
128	10	5.53906	5.95455
128	10	5.53906	6
128	10	5.53906	6.01389
128	10	5.53906	6.01587
128	10	5.53906	6.15873
128	10	5.53906	6.2
128	10	5.54688	6.04478
128	10	5.54688	6.21667
128	10	5	5.52174
128	10	5.55469	5.95385
128	10	5.5	5.98571
128	10	5.5	6
128	10	5.5	6.04762
128	10	5.5	6.10938
128	10	5.5625	6
128	10	5.5625	6.0625
128	10	5.5625	6.12308
128	10	5.57031	6.01471
128	10	5.57031	6.13333
128	10	5.57031	6.2
128	10	5.57812	6.22222
128	10	5.57812	6.23729
128	10	5.58594	6.04225
128	10	5.59375	6.03125
128	10	5.59375	6.15385
128	10	5.59375	6.25424
128	10	5.60156	5.97143
128	10	5.60156	6.18333
128	10	5.60156	6.19118
128	10	5.60938	6.1
128	10	5.61719	6.12121
128	10	5.61719	6.125
128	10	5.61719	6.2069
128	10	5.625	6.06349
128	10	5.625	6.13433
128	10	5.63281	6.12698
128	10	5.64062	6.125
128	10	5.65625	6.09375
128	10	5.65625	6.10938
128	10	5.65625	6.24242
128	10	5.66406	6.10769
128	10	5.66406	6.15152
128	10	5.67188	6.07812
128	10	5.67188	6.17742
128	10	5.6875	6.28125
128	10	5.69531	6.25
128	10	5.70312	6.05882
128	10	5.71094	6.12903
128	10	5.71094	6.29032
128	10	5.71875	6.13433
128	10	5.71875	6.38462
128	10	5.72656	6.19048
128	10	5.72656	6.20635
128	10	5.73438	6.33871
128	10	5.74219	6.18462
128	10	5.75	6.41667
128	10	5.75781	6.37288
128	10	5.76562	6.20896
128	10	5.76562	6.28986
128	10	5.76562	6.34848
128	10	5.77344	6.55738
128	10	5.78125	6.18182
128	10	5.79688	6.62295
128	10	5.8125	6.18182
128	10	5.82031	6.25714
128	10	5.82031	6.27419
128	10	5.82812	6.29032
128	10	5.82812	6.30645
128	10	5.82812	6.30769
128	10	5.84375	6.3
128	10	5.84375	6.31818
128	10	5.85156	6.34848
128	10	5.85938	6.30769
128	10	5.88281	6.34375
128	10	5.88281	6.42188
128	10	5.88281	6.45312
128	10	5.88281	6.6
128	10	5.89062	6.49231
128	10	5.89844	6.28571
128	10	5.90625	6.55556
128	10	5.92188	6.53968
128	10	5.95312	6.32308
128	10	5.95312	6.51613
128	10	5.96875	6.38095
128	10	5.96875	6.58333
128	10	5.96875	6.6
128	10	5.97656	6.31884
128	10	5.97656	6.64516
128	10	5.99219	6.37143
128	10	5.99219	6.40909
128	10	6.01562	6.55385
128	10	6.02344	6.27419
128	10	6.02344	6.61538
128	10	6.03125	6.5942
128	10	6.03906	6.51562
128	10	6.08594	6.64062
128	10	6.10938	6.62121
128	10	6.14062	6.54688
128	10	6.14844	6.66129
128	10	6.14844	6.78689
128	10	6.16406	6.67797
128	10	6.19531	6.77049
128	10	6.21875	6.78788
128	10	6.22656	6.94118
128	10	6.27344	6.93333
128	11	4.77344	5.16418
128	11	4.78125	5.15714
128	11	4.79688	5.19355
128	11	4.88281	5.36923
128	11	4.89062	5.19355
128	11	4.92188	5.3871
128	11	4.95312	5.27143
128	11	4.96875	5.51613
128	11	4.97656	5.51613
128	11	4.99219	5.40299
128	11	5.02344	5.36364
128	11	5.02344	5.37097
128	11	5.03906	5.55556
128	11	5.0625	5.44615
128	11	5.0625	5.64615
128	11	5.0625	5.71875
128	11	5.07812	5.45763
128	11	5.08594	5.3871
128	11	5.08594	5.53968
128	11	5.08594	5.67742
128	11	5.10156	5.42029
128	11	5.10156	5.57143
128	11	5.10938	5.48387
128	11	5.13281	5.625
128	11	5.15625	5.75
128	11	5.17188	5.74194
128	11	5.17969	5.61429
128	11	5.1875	5.72881
128	11	5.19531	5.69355
128	11	5.22656	5.64706
128	11	5.24219	5.82812
128	11	5.25781	5.64062
128	11	5.26562	5.7619
128	11	5.27344	5.6875
128	11	5.28125	5.78125
128	11	5.28125	5.89231
128	11	5.28906	5.66154
128	11	5.28906	5.89706
128	11	5.29688	5.81538
128	11	5.30469	5.65079
128	11	5.30469	5.69355
128	11	5.30469	5.73438
128	11	5.30469	5.79688
128	11	5.32031	5.89394
128	11	5.34375	5.72059
128	11	5.35156	5.80952
128	11	5.39062	5.84615
128	11	5.40625	5.87719
128	11	5.41406	5.90476
128	11	5.42969	5.8209
128	11	5.42969	5.85075
128	11	5.42969	5.91803
128	11	5.42969	5.9375
128	11	5.4375	5.90909
128	11	5.4375	5.98361
128	11	5.44531	5.90164
128	11	5.44531	5.90769
128	11	5.45312	5.98485
128	11	5.45312	6.01613
128	11	5.46875	6.01587
128	11	5.48438	5.85075
128	11	5.49219	6.14516
128	11	5.50781	5.96875
128	11	5.51562	6.13559
128	11	5.51562	6.21667
128	11	5.53125	5.9403
128	11	5.54688	5.90323
128	11	5.54688	6.08197
128	11	5.55469	6.09524
128	11	5.55469	6.09677
128	11	5.5	5.81818
128	11	5.5	6.13333
128	11	5.5625	6.08475
128	11	5.57031	5.96825
128	11	5.57031	6.26984
128	11	5.59375	6
128	11	5.59375	6.16667
128	11	5.60938	5.92308
128	11	5.60938	6.04688
128	11	5.60938	6.04762
128	11	5.61719	6.20968
128	11	5.625	6.03077
128	11	5.63281	6.10145
128	11	5.64062	6.01613
128	11	5.64062	6.17188
128	11	5.64844	6.09091
128	11	5.64844	6.12903
128	11	5.65625	6.11864
128	11	5.66406	6.13636
128	11	5.66406	6.21429
128	11	5.67188	6.15254
128	11	5.67969	5.98413
128	11	5.67969	6.14754
128	11	5.67969	6.26984
128	11	5.6875	6.15625
128	11	5.6875	6.24615
128	11	5.70312	6.15385
128	11	5.70312	6.16129
128	11	5.70312	6.17188
128	11	5.71094	6.04615
128	11	5.71875	6.12308
128	11	5.71875	6.40625
128	11	5.71875	6.48387
128	11	5.72656	6.33333
128	11	5.73438	6.42373
128	11	5.74219	6.12698
128	11	5.75	6.35385
128	11	5.75781	6.2
128	11	5.75781	6.29508
128	11	5.75781	6.29688
128	11	5.75781	6.35
128	11	5.77344	6.2029
128	11	5.77344	6.24615
128	11	5.78125	6.37097
128	11	5.78906	6.1194
128	11	5.80469	6.35938
128	11	5.82031	6.23881
128	11	5.82031	6.29231
128	11	5.83594	6.25
128	11	5.83594	6.29231
128	11	5.84375	6.13846
128	11	5.85156	6.27692
128	11	5.85938	6.38462
128	11	5.85938	6.52632
128	11	5.85938	6.55172
128	11	5.86719	6.33333
128	11	5.875	6.37097
128	11	5.89844	6.29577
128	11	5.89844	6.5
128	11	5.90625	6.42623
128	11	5.90625	6.46875
128	11	5.91406	6.3
128	11	5.92969	6.25
128	11	5.9375	6.375
128	11	5.9375	6.4
128	11	5.94531	6.49206
128	11	5.95312	6.41071
128	11	5.97656	6.40909
128	11	5.99219	6.45902
128	11	5.99219	6.59016
128	11	6.00781	6.50769
128	11	6.01562	6.45455
128	11	6.02344	6.39683
128	11	6.02344	6.56061
128	11	6.05469	6.30435
128	11	6.05469	6.58065
128	11	6.05469	6.64407
128	11	6.0625	6.375
128	11	6.0625	6.67188
128	11	6.07031	6.42029
128	11	6.07031	6.56452
128	11	6.07812	6.47761
128	11	6.07812	6.61905
128	11	6.08594	6.58209
128	11	6.09375	6.6
128	11	6.09375	6.65625
128	11	6.125	6.53846
128	11	6.13281	6.64912
128	11	6.14062	6.66667
128	11	6.16406	6.72131
128	11	6.16406	6.79365
128	11	6.17188	6.68657
128	11	6.1875	6.75806
128	11	6.1875	6.84746
128	11	6.1875	6.92857
128	11	6.19531	6.88333
128	11	6.21875	6.80645
128	11	6.22656	6.5873
128	11	6.22656	6.61905
128	11	6.22656	6.77049
128	11	6.23438	6.71642
128	11	6.24219	7.01613
128	11	6.25	6.77049
128	11	6.28125	6.71667
128	11	6.28906	6.87719
128	11	6.29688	6.9375
128	11	6.30469	6.83333
128	11	6.32031	6.78261
128	11	6.33594	6.76119
128	11	6.34375	6.89474
128	11	6.35938	6.81818
128	11	6.39844	7.12069
128	11	6.45312	6.80952
128	11	6.46094	7.24528
128	11	6.46875	6.85484
128	11	6.46875	7.2
128	11	6.49219	6.91045
128	11	6.50781	7.03175
128	11	6.50781	7.14754
128	11	6.53125	6.95161
128	11	6.58594	7.2
128	11	6.59375	7.31667
128	11	6.61719	7.29508
128	11	6.64844	7.14062
128	11	6.71875	7.30159
128	11	6.90625	7.41791
128	12	4.73438	5.2623
128	12	4.89062	5.37879
128	12	5.03125	5.60656
128	12	5.07812	5.5625
128	12	5.125	5.72131
128	12	5.16406	5.61667
128	12	5.21094	5.72059
128	12	5.29688	5.81667
128	12	5.32031	5.64516
128	12	5.34375	5.64062
128	12	5.35938	5.69841
128	12	5.375	5.70492
128	12	5.41406	5.82609
128	12	5.42188	5.98361
128	12	5.42969	5.78333
128	12	5.46875	6.18033
128	12	5.51562	5.87879
128	12	5.54688	5.93846
128	12	5.5625	5.86765
128	12	5.59375	6.10345
128	12	5.625	6.11475
128	12	5.64062	6.02899
128	12	5.67188	6.23333
128	12	5.70312	6.04615
128	12	5.71094	6
128	12	5.73438	6.14706
128	12	5.73438	6.31818
128	12	5.74219	6.18033
128	12	5.74219	6.4918
128	12	5.75781	6.14925
128	12	5.76562	6.24615
128	12	5.77344	6.125
128	12	5.78906	6.24286
128	12	5.78906	6.26984
128	12	5.80469	6.40984
128	12	5.8125	6.10294
128	12	5.8125	6.31148
128	12	5.8125	6.35088
128	12	5.875	6.25397
128	12	5.89062	6.47619
128	12	5.90625	6.45902
128	12	5.92969	6.25
128	12	5.92969	6.33824
128	12	5.9375	6.42373
128	12	5.9375	6.4386
128	12	5.9375	6.62069
128	12	5.94531	6.18462
128	12	5.94531	6.65
128	12	6.00781	6.34921
128	12	6.00781	6.43077
128	12	6.01562	6.33333
128	12	6.03125	6.53968
128	12	6.03906	6.54688
128	12	6.0625	6.625
128	12	6.09375	6.5
128	12	6.10156	6.29412
128	12	6.10156	6.41667
128	12	6.10938	6.7
128	12	6.11719	6.62069
128	12	6.14844	6.77586
128	12	6.15625	6.49254
128	12	6.15625	6.55738
128	12	6.17969	6.6087
128	12	6.21094	6.67797
128	12	6.22656	6.8125
128	12	6.25	6.65625
128	12	6.27344	6.57812
128	12	6.28906	6.72857
128	12	6.28906	6.77966
128	12	6.33594	6.85
128	12	6.34375	6.84058
128	12	6.34375	6.93443
128	12	6.41406	6.76667
128	12	6.42969	6.91803
128	12	6.44531	7.03279
128	12	6.45312	7.14286
128	12	6.54688	6.9726
128	12	6.5625	7.12069
128	12	6.61719	6.98485
128	12	6.63281	7.35484
128	12	6.65625	7.07812
128	12	6.69531	7.33333
128	12	6.78906	7.28125
128	12	6.85938	7.26984
128	12	6.94531	7.73214
128	12	6.95312	7.54412
128	12	6.99219	7.44068
128	12	7.0625	7.64407
128	12	7.17188	7.77273
128	12	7.33594	7.88525
128	13	5.03125	5.37313
128	13	5.28906	5.67692
128	13	5.32031	5.56061
128	13	5.48438	5.72464
128	13	5.61719	6.04762
128	13	5.625	6.29688
128	13	5.6875	6.01538
128	13	5.71094	5.81818
128	13	5.72656	6.21875
128	13	5.84375	6.53846
128	13	5.85938	6.31148
128	13	5.90625	6.39394
128	13	5.97656	6.47692
128	13	6.02344	6.5
128	13	6.03125	6.61905
128	13	6.04688	6.57812
128	13	6.13281	6.29688
128	13	6.17188	6.93443
128	13	6.20312	6.6875
128	13	6.21875	6.64062
128	13	6.21875	6.69841
128	13	6.34375	6.75385
128	13	6.44531	6.96825
128	13	6.46094	7.04762
128	13	6.64062	7.16949
128	13	6	6.41538
128	13	6.69531	7.11475
128	13	6.95312	7.47541
128	13	6.97656	7.64516
128	13	7.14062	7.52239
128	13	7.38281	7.92308
128	13	7.40625	7.90323
128	13	7.60156	8.12121
128	14	5.92969	6.25
128	14	6.29688	6.64615
128	14	6.61719	7.09091
128	14	6.64844	7.28814
128	14	6.6875	7.375
128	14	6.79688	7.29032
128	14	6.82031	7.10606
128	14	6.875	7.59259
128	14	7.77344	8.03509
128	15	5.6875	5.95455
128	15	5.98438	6.36923
128	15	6.53906	7.125
128	15	6.8125	7.3871
128	15	7.53906	8.05
128	15	7.53906	8.06452
128	7	4.11719	4.50685
128	7	4.25781	4.78788
128	7	4.3125	4.86364
128	7	4.35938	4.91935
128	7	4.39844	4.83099
128	7	4.75781	5.27419
128	7	4.83594	5.39394
128	8	4.03125	4.45714
128	8	4.11719	4.53623
128	8	4.13281	4.60294
128	8	4.26562	4.74603
128	8	4.32031	4.8
128	8	4.33594	4.8254
128	8	4.36719	4.75
128	8	4.41406	4.95082
128	8	4.44531	4.95652
128	8	4.45312	4.98462
128	8	4.46875	4.81429
128	8	4.47656	4.83824
128	8	4.47656	5
128	8	4.48438	4.9
128	8	4.50781	4.86486
128	8	4.53125	4.95833
128	8	4.54688	5.06061
128	8	4.5	5.17544
128	8	4.55469	5.02985
128	8	4.55469	5.09524
128	8	4.55469	5.14516
128	8	4.5625	5.08065
128	8	4.5625	5.14516
128	8	4.57812	5.125
128	8	4.58594	5.04286
128	8	4.64062	5.05882
128	8	4.64062	5.15385
128	8	4.64062	5.16667
128	8	4.64844	5.04348
128	8	4.64844	5.36066
128	8	4.65625	5.04688
128	8	4.65625	5.20968
128	8	4.67188	5.08451
128	8	4.67188	5.15385
128	8	4.67188	5.24194
128	8	4.67969	5.23077
128	8	4.67969	5.24242
128	8	4.6875	5.13636
128	8	4.6875	5.17742
128	8	4.6875	5.27119
128	8	4.69531	5.21538
128	8	4.70312	5.16667
128	8	4.72656	5.15625
128	8	4.73438	5.28333
128	8	4.75	5.375
128	8	4.75781	5.23438
128	8	4.75781	5.27692
128	8	4.75781	5.28788
128	8	4.75781	5.30159
128	8	4.76562	5.24615
128	8	4.79688	5.1791
128	8	4.79688	5.26389
128	8	4.80469	5.26471
128	8	4.80469	5.39062
128	8	4.8125	5.40625
128	8	4.82031	5.28571
128	8	4.82031	5.36765
128	8	4.82812	5.33871
128	8	4.82812	5.36508
128	8	4.83594	5.42623
128	8	4.85938	5.41538
128	8	4.86719	5.37879
128	8	4.86719	5.40984
128	8	4.86719	5.42424
128	8	4.875	5.44615
128	8	4.89844	5.49206
128	8	4.90625	5.42424
128	8	4.91406	5.50746
128	8	4.91406	5.55385
128	8	4.92188	5.31818
128	8	4.92969	5.42424
128	8	4.9375	5.47692
128	8	4.97656	5.43478
128	8	4.97656	5.44262
128	8	4.98438	5.5
128	8	4.98438	5.57143
128	8	4.99219	5.37143
128	8	5.01562	5.44776
128	8	5.01562	5.5
128	8	5.04688	5.52174
128	8	5.07812	5.72308
128	8	5.08594	5.60938
128	8	5.08594	5.82759
128	8	5.10156	5.63077
128	8	5.10938	5.65
128	8	5.14844	5.73016
128	8	5.14844	5.74603
128	8	5.15625	5.70968
128	8	5.16406	5.84375
128	8	5.17188	5.67647
128	8	5.19531	5.71875
128	8	5.19531	5.78333
128	8	5.21094	5.68116
128	8	5.21875	5.7971
128	8	5.22656	5.69697
128	8	5.23438	5.75385
128	8	5.24219	5.83871
128	8	5.32031	5.78462
128	8	5.42969	6.01515
128	9	4.29688	4.8
128	9	4.35938	4.80882
128	9	4.40625	4.85075
128	9	4.51562	5.03175
128	9	4.53125	4.90769
128	9	4.53906	4.91549
128	9	4.54688	4.95946
128	9	4.55469	5.01639
128	9	4.59375	5.16923
128	9	4.60156	5.03077
128	9	4.60938	5.23729
128	9	4.625	5.12308
128	9	4.63281	4.9697
128	9	4.63281	5.11111
128	9	4.64062	5.03077
128	9	4.64844	5.15152
128	9	4.64844	5.25806
128	9	4.65625	5.07246
128	9	4.67188	5.26471
128	9	4.69531	5.20588
128	9	4.70312	5.17742
128	9	4.71094	5.32258
128	9	4.71875	5.34483
128	9	4.72656	5.16393
128	9	4.72656	5.21875
128	9	4.72656	5.23077
128	9	4.73438	5.20588
128	9	4.74219	4.98507
128	9	4.75	5.13235
128	9	4.75	5.25
128	9	4.75781	5.19697
128	9	4.75781	5.20896
128	9	4.75781	5.23438
128	9	4.76562	5.11429
128	9	4.76562	5.22388
128	9	4.78125	5.20896
128	9	4.78125	5.27419
128	9	4.78906	5.16176
128	9	4.78906	5.31746
128	9	4.78906	5.34921
128	9	4.79688	5.2623
128	9	4.80469	5.36667
128	9	4.8125	5.26562
128	9	4.82031	5.15714
128	9	4.82812	5.15625
128	9	4.82812	5.3125
128	9	4.83594	5.39062
128	9	4.84375	5.27419
128	9	4.84375	5.38095
128	9	4.85156	5.15068
128	9	4.85156	5.25758
128	9	4.85156	5.26866
128	9	4.85156	5.27273
128	9	4.85938	5.33803
128	9	4.85938	5.46774
128	9	4.86719	5.34375
128	9	4.86719	5.37879
128	9	4.86719	5.38806
128	9	4.86719	5.41667
128	9	4.86719	5.46032
128	9	4.875	5.18056
128	9	4.875	5.26087
128	9	4.875	5.32812
128	9	4.875	5.43333
128	9	4.88281	5.28986
128	9	4.88281	5.45312
128	9	4.89062	5.34848
128	9	4.90625	5.41935
128	9	4.91406	5.45312
128	9	4.92188	5.35821
128	9	4.92188	5.38571
128	9	4.92188	5.40625
128	9	4.92188	5.46377
128	9	4.92188	5.47692
128	9	4.92188	5.51613
128	9	4.9375	5.3871
128	9	4.9375	5.4918
128	9	4.9375	5.51429
128	9	4.94531	5.31667
128	9	4.94531	5.55714
128	9	4.94531	5.57812
128	9	4.95312	5.26761
128	9	4.95312	5.5625
128	9	4.95312	5.56452
128	9	4.96875	5.42188
128	9	4.97656	5.36364
128	9	4.97656	5.52381
128	9	4.99219	5.4697
128	9	4.99219	5.5303
128	9	5.00781	5.4058
128	9	5.00781	5.40625
128	9	5.01562	5.37143
128	9	5.01562	5.52542
128	9	5.02344	5.40278
128	9	5.02344	5.57143
128	9	5.03125	5.55882
128	9	5.03125	5.65574
128	9	5.03125	5.7377
128	9	5.03906	5.42424
128	9	5.03906	5.56061
128	9	5.04688	5.53968
128	9	5.04688	5.62121
128	9	5.05469	5.5
128	9	5.05469	5.53846
128	9	5.05469	5.65574
128	9	5.0625	5.64286
128	9	5.07031	5.5
128	9	5.07031	5.5942
128	9	5.07031	5.66154
128	9	5.08594	5.55556
128	9	5.08594	5.55738
128	9	5.08594	5.60563
128	9	5.09375	5.63636
128	9	5.10156	5.48485
128	9	5.10156	5.53226
128	9	5.10156	5.55224
128	9	5.10156	5.61538
128	9	5.10938	5.55385
128	9	5.10938	5.55882
128	9	5.10938	5.7619
128	9	5.11719	5.55882
128	9	5.11719	5.57353
128	9	5.11719	5.625
128	9	5.125	5.55738
128	9	5.125	5.60294
128	9	5.13281	5.55882
128	9	5.13281	5.66667
128	9	5.13281	5.67164
128	9	5.13281	5.75385
128	9	5.14062	5.53846
128	9	5.14062	5.58333
128	9	5.14062	5.67164
128	9	5.14844	5.53846
128	9	5.14844	5.56061
128	9	5.14844	5.75
128	9	5.14844	5.75758
128	9	5.14844	5.78125
128	9	5.15625	5.60606
128	9	5.15625	5.625
128	9	5.16406	5.64062
128	9	5.16406	5.69492
128	9	5.17188	5.61194
128	9	5.17188	5.74603
128	9	5.17188	5.76119
128	9	5.17188	5.76923
128	9	5.17969	5.55556
128	9	5.17969	5.76119
128	9	5.1875	5.61111
128	9	5.19531	5.62121
128	9	5.19531	5.65
128	9	5.19531	5.66667
128	9	5.19531	5.69118
128	9	5.19531	5.71429
128	9	5.19531	5.75
128	9	5.19531	5.76667
128	9	5.20312	5.64384
128	9	5.21094	5.69118
128	9	5.21094	5.73016
128	9	5.21094	5.83607
128	9	5.21875	5.68254
128	9	5.21875	5.74603
128	9	5.21875	5.79661
128	9	5.21875	5.84211
128	9	5.21875	5.875
128	9	5.22656	5.68254
128	9	5.22656	5.70769
128	9	5.22656	5.81034
128	9	5.22656	5.86885
128	9	5.23438	5.67188
128	9	5.23438	6
128	9	5.24219	5.78261
128	9	5.25	5.86667
128	9	5.25781	5.70312
128	9	5.25781	5.73846
128	9	5.25781	5.78261
128	9	5.25781	5.7971
128	9	5.25781	5.89062
128	9	5.25781	5.91667
128	9	5.26562	5.84615
128	9	5.26562	5.92063
128	9	5.27344	5.62121
128	9	5.27344	5.72857
128	9	5.28125	5.77941
128	9	5.28906	5.72464
128	9	5.28906	5.77273
128	9	5.29688	5.80303
128	9	5.30469	5.76389
128	9	5.30469	5.82258
128	9	5.3125	5.80597
128	9	5.3125	5.85246
128	9	5.3125	5.98485
128	9	5.32031	5.69565
128	9	5.32812	5.69231
128	9	5.32812	5.82258
128	9	5.33594	5.71429
128	9	5.33594	5.80952
128	9	5.33594	5.83333
128	9	5.33594	5.84127
128	9	5.33594	5.85075
128	9	5.34375	5.81538
128	9	5.34375	5.96721
128	9	5.35156	5.80952
128	9	5.35156	5.8209
128	9	5.35156	5.86765
128	9	5.35156	5.9375
128	9	5.35156	5.93939
128	9	5.35156	6.03175
128	9	5.36719	5.83582
128	9	5.36719	5.92188
128	9	5.36719	5.98333
128	9	5.38281	5.8806
128	9	5.38281	5.90323
128	9	5.38281	5.92308
128	9	5.39062	5.90323
128	9	5.39062	5.95522
128	9	5.39062	5.9697
128	9	5.39062	6.04839
128	9	5.39844	5.85714
128	9	5.39844	5.93651
128	9	5.39844	6.01562
128	9	5.41406	5.93846
128	9	5.41406	5.96825
128	9	5.42188	5.83871
128	9	5.42188	5.85294
128	9	5.42969	5.90769
128	9	5.42969	6.04688
128	9	5.42969	6.12903
128	9	5.44531	6.07576
128	9	5.46094	5.95588
128	9	5.46094	6.22414
128	9	5.46875	6
128	9	5.46875	6.03226
128	9	5.47656	5.90909
128	9	5.47656	6.16129
128	9	5.48438	5.88235
128	9	5.48438	5.93651
128	9	5.50781	5.98529
128	9	5.50781	6.04348
128	9	5.50781	6.24194
128	9	5.51562	5.90909
128	9	5.51562	6.07812
128	9	5.51562	6.09231
128	9	5.52344	5.92188
128	9	5.53125	6.06349
128	9	5.53906	6
128	9	5.54688	6.13115
128	9	5.54688	6.22581
128	9	5	5.51562
128	9	5.5	6.01538
128	9	5.5625	5.97183
128	9	5.57031	6.20312
128	9	5.57031	6.29508
128	9	5.57812	6.12308
128	9	5.60938	6.19048
128	9	5.61719	6.05882
128	9	5.63281	6.10769
128	9	5.65625	6.27419
128	9	5.6875	6.18462
128	9	5.69531	6.17647
128	9	5.71875	6.31343
128	9	5.83594	6.41176
128	9	5.91406	6.55224
128	9	5.94531	6.44286
128	9	6.07031	6.66667
128	9	6.10156	6.64407
128	9	6.17188	6.71642
256	10	4.96484	5.54264
256	10	5.02734	5.65833
256	10	5.14453	5.64286
256	10	5.17578	5.61832
256	10	5.19531	5.72868
256	10	5.22266	5.63636
256	10	5.22266	5.76923
256	10	5.24609	5.7971
256	10	5.26562	5.71429
256	10	5.26562	5.76033
256	10	5.26953	5.69697
256	10	5.27344	5.776
256	10	5.27344	5.78295
256	10	5.27734	5.70992
256	10	5.28125	5.80916
256	10	5.28125	5.83846
256	10	5.28906	5.89683
256	10	5.30078	5.856
256	10	5.33984	5.78049
256	10	5.34766	5.90625
256	10	5.35156	5.83721
256	10	5.35938	5.84559
256	10	5.36719	5.94444
256	10	5.37891	5.86466
256	10	5.38281	5.79259
256	10	5.38672	5.9313
256	10	5.39844	5.99206
256	10	5.40234	5.96063
256	10	5.41406	5.93077
256	10	5.42578	5.984
256	10	5.42969	5.96875
256	10	5.43359	5.90909
256	10	5.43359	5.93077
256	10	5.4375	5.96183
256	10	5.45312	6.06612
256	10	5.46094	5.9037
256	10	5.46094	5.94656
256	10	5.47266	5.93798
256	10	5.47266	5.96269
256	10	5.47266	5.98485
256	10	5.47266	5.99225
256	10	5.47266	6.11475
256	10	5.47656	5.896
256	10	5.47656	5.95968
256	10	5.47656	5.97638
256	10	5.48828	5.92029
256	10	5.48828	6.04065
256	10	5.48828	6.12195
256	10	5.50391	6.11966
256	10	5.51172	5.99259
256	10	5.51562	5.91729
256	10	5.52344	6
256	10	5.52344	6.04651
256	10	5.52344	6.09524
256	10	5.52734	6.09016
256	10	5.52734	6.15574
256	10	5.53125	6.08264
256	10	5.53906	6
256	10	5.53906	6.07752
256	10	5.54688	5.97778
256	10	5.54688	6.22764
256	10	5.55078	6.00787
256	10	5.55078	6.02308
256	10	5.55859	6.15323
256	10	5.5	6.07258
256	10	5.56641	6.00769
256	10	5.57031	6.01515
256	10	5.57031	6.04478
256	10	5.57031	6.14286
256	10	5.57422	6
256	10	5.57422	6.144
256	10	5.57812	6.05645
256	10	5.58594	6.05263
256	10	5.59766	6.05263
256	10	5.59766	6.21488
256	10	5.60156	6.02143
256	10	5.61328	6.08955
256	10	5.61719	6.17054
256	10	5.62109	5.99225
256	10	5.62109	6.03788
256	10	5.62891	6.16393
256	10	5.64062	6.0458
256	10	5.64062	6.15873
256	10	5.64453	6.13636
256	10	5.65234	6.1938
256	10	5.66016	6.10606
256	10	5.66406	6.15447
256	10	5.66797	6.1194
256	10	5.66797	6.1791
256	10	5.67578	6.232
256	10	5.67578	6.26829
256	10	5.67969	6.12308
256	10	5.67969	6.24
256	10	5.68359	6.16406
256	10	5.68359	6.248
256	10	5.68359	6.2623
256	10	5.69531	6.12
256	10	5.69531	6.2381
256	10	5.69531	6.26718
256	10	5.70312	6.22835
256	10	5.70703	6.25
256	10	5.71094	6.16
256	10	5.71875	6.05755
256	10	5.71875	6.35537
256	10	5.72656	6.09286
256	10	5.73047	6.20611
256	10	5.75391	6.2381
256	10	5.75	6.32283
256	10	5.75781	6.18852
256	10	5.75781	6.23016
256	10	5.76562	6.312
256	10	5.76953	6.14173
256	10	5.77344	6.25397
256	10	5.78906	6.24242
256	10	5.80078	6.25954
256	10	5.80859	6.28346
256	10	5.82031	6.44275
256	10	5.82812	6.20455
256	10	5.82812	6.37903
256	10	5.83594	6.40945
256	10	5.83984	6.29231
256	10	5.83984	6.40152
256	10	5.84766	6.36434
256	10	5.85156	6.30769
256	10	5.85547	6.38168
256	10	5.85938	6.4661
256	10	5.87109	6.41538
256	10	5.875	6.42636
256	10	5.88281	6.37209
256	10	5.89844	6.37984
256	10	5.90234	6.44715
256	10	5.90625	6.50781
256	10	5.90625	6.552
256	10	5.91016	6.33333
256	10	5.91016	6.46032
256	10	5.91797	6.40288
256	10	5.91797	6.41667
256	10	5.92969	6.46923
256	10	5.95312	6.44853
256	10	5.96484	6.55303
256	10	5.96875	6.50769
256	10	5.97266	6.53543
256	10	5.98438	6.45324
256	10	5.99219	6.50769
256	10	5.99219	6.50794
256	10	6.02344	6.55906
256	10	6.02344	6.57692
256	10	6.03125	6.53731
256	10	6.03516	6.56
256	10	6.05859	6.67521
256	10	6.07422	6.59542
256	10	6.08984	6.67188
256	10	6.10156	6.61194
256	10	6.10547	6.64567
256	10	6.10938	6.61538
256	10	6.11719	6.68293
256	10	6.12891	6.66667
256	10	6.13281	6.59259
256	10	6.14062	6.65625
256	10	6.16016	6.67742
256	10	6.17188	6.784
256	10	6.19531	6.73438
256	10	6.20703	6.72308
256	10	6.23047	6.696
256	10	6.24609	6.77099
256	10	6.25781	6.84553
256	10	6.27344	6.92
256	10	6.40234	6.97674
256	10	6.44531	6.81203
256	10	6.48047	6.86567
256	11	5.05078	5.59231
256	11	5.12109	5.61157
256	11	5.16406	5.66393
256	11	5.28906	5.78788
256	11	5.35156	5.85484
256	11	5.35938	5.93939
256	11	5.36719	5.928
256	11	5.375	5.78125
256	11	5.38672	5.83206
256	11	5.38672	5.84091
256	11	5.41016	5.856
256	11	5.41016	5.97638
256	11	5.42188	5.9375
256	11	5.42969	5.96124
256	11	5.44141	5.94737
256	11	5.45703	5.96296
256	11	5.46094	5.96875
256	11	5.47656	6.02308
256	11	5.49609	6.00775
256	11	5.51172	6.02381
256	11	5.52734	6.07087
256	11	5.53125	6
256	11	5.53516	6.04545
256	11	5.54297	6.024
256	11	5.54688	5.9708
256	11	5.55078	5.99275
256	11	5.55078	6.10484
256	11	5.55469	5.92857
256	11	5.55469	6.05426
256	11	5.55859	6.12
256	11	5.5625	6.04762
256	11	5.5625	6.05263
256	11	5.5625	6.11719
256	11	5.56641	6.02479
256	11	5.56641	6.07937
256	11	5.57422	6.09167
256	11	5.60547	6.07634
256	11	5.60938	6.15748
256	11	5.60938	6.20492
256	11	5.61328	6.0073
256	11	5.61328	6.08527
256	11	5.61328	6.1129
256	11	5.625	6.16279
256	11	5.62891	6.06716
256	11	5.63281	6.00787
256	11	5.63281	6.21951
256	11	5.63281	6.22308
256	11	5.64453	6.0963
256	11	5.64453	6.296
256	11	5.64844	5.93893
256	11	5.65234	6.06977
256	11	5.65625	6.1203
256	11	5.65625	6.16667
256	11	5.66406	6.07519
256	11	5.66406	6.23577
256	11	5.66406	6.31746
256	11	5.67188	6.17742
256	11	5.67969	6.16279
256	11	5.6875	6.18045
256	11	5.69141	6.12687
256	11	5.69141	6.26891
256	11	5.69531	6.29268
256	11	5.69922	6.30159
256	11	5.71094	6.20896
256	11	5.71484	6.33607
256	11	5.71484	6.33846
256	11	5.71875	6.06818
256	11	5.73047	6.25397
256	11	5.73438	6.224
256	11	5.73438	6.22901
256	11	5.73438	6.23881
256	11	5.73438	6.344
256	11	5.74219	6.18797
256	11	5.74219	6.27642
256	11	5.74219	6.30894
256	11	5.75391	6.128
256	11	5.75	6.17557
256	11	5.75	6.2782
256	11	5.75781	6.20896
256	11	5.77344	6.2
256	11	5.77344	6.27612
256	11	5.77734	6.33058
256	11	5.78516	6.28
256	11	5.78516	6.28358
256	11	5.78516	6.29032
256	11	5.78906	6.21014
256	11	5.78906	6.24427
256	11	5.78906	6.29134
256	11	5.79688	6.18519
256	11	5.79688	6.22047
256	11	5.80078	6.27068
256	11	5.80078	6.31783
256	11	5.80078	6.35433
256	11	5.8125	6.27692
256	11	5.8125	6.29545
256	11	5.8125	6.33333
256	11	5.82031	6.37984
256	11	5.82422	6.28148
256	11	5.82422	6.36434
256	11	5.83594	6.336
256	11	5.83594	6.34848
256	11	5.83984	6.29688
256	11	5.83984	6.42963
256	11	5.84375	6.25191
256	11	5.85156	6.36
256	11	5.85547	6.45968
256	11	5.85938	6.336
256	11	5.85938	6.47458
256	11	5.86328	6.37097
256	11	5.86719	6.34351
256	11	5.87109	6.31818
256	11	5.875	6.27559
256	11	5.875	6.31387
256	11	5.875	6.39844
256	11	5.875	6.40157
256	11	5.87891	6.44094
256	11	5.88281	6.41667
256	11	5.88672	6.432
256	11	5.89062	6.36508
256	11	5.89453	6.5
256	11	5.89844	6.46667
256	11	5.91016	6.41538
256	11	5.91016	6.46774
256	11	5.91406	6.4186
256	11	5.91406	6.44186
256	11	5.91797	6.472
256	11	5.92188	6.44361
256	11	5.92188	6.50781
256	11	5.92578	6.56911
256	11	5.92969	6.4
256	11	5.92969	6.46565
256	11	5.93359	6.42963
256	11	5.93359	6.45238
256	11	5.93359	6.48819
256	11	5.94531	6.38889
256	11	5.94531	6.408
256	11	5.94531	6.41129
256	11	5.94531	6.41791
256	11	5.94531	6.46667
256	11	5.94922	6.59055
256	11	5.95703	6.34815
256	11	5.95703	6.4
256	11	5.96484	6.49618
256	11	5.98047	6.36842
256	11	5.98047	6.44531
256	11	5.98438	6.39231
256	11	5.98438	6.44094
256	11	5.98438	6.44444
256	11	5.98828	6.42308
256	11	5.98828	6.46667
256	11	5.99219	6.47692
256	11	5.99219	6.49624
256	11	5.99219	6.53906
256	11	5.99609	6.56693
256	11	6.00781	6.34351
256	11	6.00781	6.41406
256	11	6.00781	6.53968
256	11	6.00781	6.54545
256	11	6.00781	6.59843
256	11	6.01172	6.36842
256	11	6.01172	6.49624
256	11	6.01953	6.53676
256	11	6.01953	6.54264
256	11	6.02344	6.55039
256	11	6.03125	6.47761
256	11	6.03516	6.65873
256	11	6.04688	6.51538
256	11	6.05078	6.59524
256	11	6.05469	6.49618
256	11	6.05469	6.5748
256	11	6.05469	6.576
256	11	6.05469	6.6124
256	11	6.05859	6.43609
256	11	6.05859	6.54098
256	11	6.0625	6.45865
256	11	6.06641	6.59124
256	11	6.08984	6.68504
256	11	6.09766	6.60294
256	11	6.10156	6.608
256	11	6.10156	6.67164
256	11	6.10547	6.48092
256	11	6.10938	6.6124
256	11	6.125	6.61475
256	11	6.12891	6.52344
256	11	6.12891	6.62698
256	11	6.12891	6.74797
256	11	6.12891	6.75207
256	11	6.13281	6.61719
256	11	6.13281	6.7619
256	11	6.14062	6.68548
256	11	6.14062	6.71074
256	11	6.14453	6.62963
256	11	6.14453	6.73171
256	11	6.15625	6.70229
256	11	6.15625	6.7686
256	11	6.16016	6.68148
256	11	6.18359	6.55303
256	11	6.19922	6.664
256	11	6.19922	6.71756
256	11	6.19922	6.79339
256	11	6.20703	6.72727
256	11	6.21484	6.71756
256	11	6.22266	6.70896
256	11	6.22656	6.72727
256	11	6.23438	6.68254
256	11	6.23828	6.69173
256	11	6.24219	6.75397
256	11	6.24219	6.81395
256	11	6.24219	6.95161
256	11	6.24609	6.856
256	11	6.25391	6.81967
256	11	6.25781	6.57463
256	11	6.26172	6.6129
256	11	6.26562	6.8125
256	11	6.26953	6.81061
256	11	6.26953	6.81203
256	11	6.27734	6.81102
256	11	6.27734	6.88889
256	11	6.30078	6.78295
256	11	6.30078	6.82677
256	11	6.32422	6.93182
256	11	6.32422	6.96875
256	11	6.32812	6.80992
256	11	6.33203	6.87705
256	11	6.33594	6.79688
256	11	6.35547	6.79851
256	11	6.375	6.85075
256	11	6.375	6.88636
256	11	6.37891	6.92126
256	11	6.38672	6.88889
256	11	6.39062	6.90476
256	11	6.40625	6.94488
256	11	6.41016	6.81061
256	11	6.41406	7.05645
256	11	6.41797	6.81818
256	11	6.42188	6.93985
256	11	6.42969	6.86667
256	11	6.42969	6.94697
256	11	6.44141	6.99194
256	11	6.46094	6.97656
256	11	6.46484	7.02381
256	11	6.49609	7.125
256	11	6.50391	7.2
256	11	6.51953	7.20472
256	11	6.53516	7.02222
256	11	6.56641	7.17213
256	11	6.5	6.90551
256	11	6.58984	7.11765
256	11	6.60547	7.08871
256	11	6.62891	7.08333
256	11	6.65234	7.22689
256	11	6	6.59843
256	11	6.66406	7.11538
256	11	6.70703	7.17188
256	11	6.71094	7.25758
256	11	6.71484	7.17424
256	11	6.76562	7.41935
256	11	6.77344	7.29365
256	11	6.82031	7.39706
256	11	6.86328	7.5
256	11	6.94531	7.54762
256	11	6.98047	7.68254
256	12	5.28906	5.77273
256	12	5.30469	5.77692
256	12	5.41797	5.79562
256	12	5.44922	6.09449
256	12	5.46875	6.06061
256	12	5.48047	5.88971
256	12	5.48438	6.02586
256	12	5.51953	5.93431
256	12	5.54688	5.96947
256	12	5.55859	6.05882
256	12	5.55859	6.06202
256	12	5.58203	6
256	12	5.60938	6.14844
256	12	5.60938	6.216
256	12	5.61719	6.04032
256	12	5.625	6.16129
256	12	5.63672	6.12397
256	12	5.67188	6.1203
256	12	5.67188	6.248
256	12	5.6875	6.2381
256	12	5.70703	6.184
256	12	5.71484	6.18182
256	12	5.71484	6.21429
256	12	5.71875	6.12977
256	12	5.72656	6.1374
256	12	5.73047	6.2377
256	12	5.73828	6.16176
256	12	5.75781	6.13043
256	12	5.75781	6.35772
256	12	5.76172	6.17054
256	12	5.76172	6.21374
256	12	5.76562	6.27869
256	12	5.76953	6.24167
256	12	5.77734	6.23387
256	12	5.77734	6.25397
256	12	5.78906	6.27692
256	12	5.78906	6.336
256	12	5.79297	6.19565
256	12	5.80078	6.26866
256	12	5.80469	6.24806
256	12	5.8125	6.36
256	12	5.82812	6.36154
256	12	5.83984	6.22481
256	12	5.84766	6.28462
256	12	5.85156	6.27273
256	12	5.85156	6.41322
256	12	5.86719	6.31783
256	12	5.87109	6.37815
256	12	5.875	6.28148
256	12	5.87891	6.4878
256	12	5.88281	6.35878
256	12	5.89453	6.3037
256	12	5.90234	6.35659
256	12	5.90625	6.48
256	12	5.90625	6.53226
256	12	5.91016	6.34058
256	12	5.91016	6.37313
256	12	5.92188	6.368
256	12	5.92188	6.52756
256	12	5.92578	6.47154
256	12	5.9375	6.40909
256	12	5.95703	6.31061
256	12	5.95703	6.51587
256	12	5.96094	6.448
256	12	5.96094	6.48462
256	12	5.97266	6.45238
256	12	5.97656	6.49587
256	12	5.98438	6.33333
256	12	5.98438	6.55469
256	12	5.98438	6.568
256	12	5.99609	6.5188
256	12	6.01172	6.54918
256	12	6.01562	6.49206
256	12	6.01562	6.53788
256	12	6.01562	6.65323
256	12	6.02734	6.53659
256	12	6.03125	6.63636
256	12	6.04297	6.68852
256	12	6.05469	6.43284
256	12	6.05469	6.56098
256	12	6.0625	6.45312
256	12	6.07031	6.46617
256	12	6.07031	6.69291
256	12	6.07422	6.60484
256	12	6.07812	6.49587
256	12	6.07812	6.6378
256	12	6.08594	6.47407
256	12	6.08594	6.62992
256	12	6.09766	6.67797
256	12	6.10547	6.52632
256	12	6.10938	6.70161
256	12	6.11328	6.58779
256	12	6.11719	6.65625
256	12	6.11719	6.66923
256	12	6.125	6.51825
256	12	6.12891	6.53435
256	12	6.12891	6.60448
256	12	6.12891	6.625
256	12	6.13281	6.69919
256	12	6.14844	6.7381
256	12	6.15234	6.52555
256	12	6.16016	6.67717
256	12	6.16406	6.60448
256	12	6.16406	6.63636
256	12	6.16406	6.696
256	12	6.17578	6.69291
256	12	6.17578	6.8
256	12	6.17969	6.59664
256	12	6.1875	6.64228
256	12	6.1875	6.72727
256	12	6.19141	6.6129
256	12	6.19922	6.672
256	12	6.19922	6.69421
256	12	6.20312	6.66412
256	12	6.20312	6.71429
256	12	6.20312	6.78571
256	12	6.20312	6.78906
256	12	6.20703	6.66667
256	12	6.21094	6.62411
256	12	6.21094	6.68939
256	12	6.21484	6.68702
256	12	6.21875	6.60741
256	12	6.22266	6.52941
256	12	6.23047	6.53543
256	12	6.23047	6.71324
256	12	6.23828	6.75397
256	12	6.23828	6.824
256	12	6.24219	6.74046
256	12	6.24609	6.83206
256	12	6.25391	6.62406
256	12	6.25391	6.69343
256	12	6.25	6.64062
256	12	6.25	6.77372
256	12	6.25781	6.85385
256	12	6.26172	6.67188
256	12	6.26562	6.71545
256	12	6.26562	6.96748
256	12	6.26953	6.71212
256	12	6.27344	6.73684
256	12	6.27734	6.75397
256	12	6.27734	6.76562
256	12	6.28125	6.78571
256	12	6.28125	6.8189
256	12	6.28125	6.83333
256	12	6.28516	6.83333
256	12	6.29297	6.79389
256	12	6.29297	6.84252
256	12	6.30078	6.59155
256	12	6.30078	6.79699
256	12	6.30469	6.76
256	12	6.30469	6.84615
256	12	6.30859	6.66418
256	12	6.30859	6.88806
256	12	6.3125	6.70677
256	12	6.31641	6.87313
256	12	6.32031	6.83212
256	12	6.32812	6.85496
256	12	6.33203	6.74242
256	12	6.33203	6.82677
256	12	6.33203	6.848
256	12	6.33594	6.89844
256	12	6.33594	6.94118
256	12	6.33984	6.86154
256	12	6.33984	6.88372
256	12	6.34375	6.87903
256	12	6.35938	6.93077
256	12	6.36328	6.88618
256	12	6.36719	6.81618
256	12	6.36719	6.91339
256	12	6.375	6.80833
256	12	6.38281	6.912
256	12	6.38281	6.92742
256	12	6.38672	6.88889
256	12	6.39062	6.88489
256	12	6.39062	6.96825
256	12	6.39844	7.00775
256	12	6.40234	6.97692
256	12	6.40625	6.99225
256	12	6.40625	7
256	12	6.41406	6.91367
256	12	6.42188	6.78906
256	12	6.42188	6.96124
256	12	6.42578	6.92857
256	12	6.42578	7.07563
256	12	6.42969	6.96947
256	12	6.44141	6.95312
256	12	6.44531	6.95385
256	12	6.45312	6.87218
256	12	6.46094	7.07937
256	12	6.46094	7.08943
256	12	6.46484	6.96094
256	12	6.46484	6.98496
256	12	6.48047	7.0155
256	12	6.48828	6.83846
256	12	6.48828	6.94574
256	12	6.49219	6.97015
256	12	6.50391	6.99219
256	12	6.50391	7.04545
256	12	6.50781	7.07812
256	12	6.51562	7.05645
256	12	6.51953	7.05691
256	12	6.52344	7.03704
256	12	6.52734	6.98519
256	12	6.53125	7.00763
256	12	6.53516	7.104
256	12	6.54297	7.01527
256	12	6.54688	6.93798
256	12	6.54688	7.02381
256	12	6.55469	6.93651
256	12	6.55469	7.024
256	12	6.55469	7.07812
256	12	6.55859	7.08527
256	12	6.5625	7.08197
256	12	6.5625	7.0916
256	12	6.56641	7
256	12	6.56641	7.05556
256	12	6.56641	7.0873
256	12	6.57031	7.07407
256	12	6.57422	6.97674
256	12	6.57812	7.03906
256	12	6.58203	7.06557
256	12	6.58594	7.152
256	12	6.59375	7.14844
256	12	6.59375	7.2093
256	12	6.60547	7.16031
256	12	6.61719	7.03252
256	12	6.63672	7.21642
256	12	6.63672	7.2906
256	12	6.63672	7.375
256	12	6.64062	6.9845
256	12	6.66406	7.20301
256	12	6.66797	7.15267
256	12	6.67188	7.24031
256	12	6.6875	7.19697
256	12	6.69922	7.10317
256	12	6.69922	7.15748
256	12	6.70312	7.10569
256	12	6.70312	7.21429
256	12	6.70703	7.04615
256	12	6.72266	7.3
256	12	6.74609	7.28358
256	12	6.75781	7.28125
256	12	6.76953	7.34375
256	12	6.78125	7.26316
256	12	6.78516	7.09924
256	12	6.78516	7.2197
256	12	6.78516	7.34375
256	12	6.80859	7.34167
256	12	6.8125	7.44444
256	12	6.81641	7.38281
256	12	6.82422	7.34959
256	12	6.83594	7.24615
256	12	6.84375	7.33083
256	12	6.85156	7.38806
256	12	6.89062	7.38889
256	12	6.89453	7.30827
256	12	6.89453	7.41844
256	12	6.89844	7.376
256	12	6.90625	7.44
256	12	6.91797	7.55462
256	12	6.92969	7.45238
256	12	6.93359	7.50769
256	12	6.9375	7.3
256	12	6.94141	7.43609
256	12	6.94531	7.45865
256	12	6.96875	7.45588
256	12	6.97266	7.49612
256	12	6.98047	7.51587
256	12	6.98438	7.36923
256	12	6.98828	7.48031
256	12	6.98828	7.48387
256	12	7.03906	7.775
256	12	7.07422	7.5597
256	12	7.08594	7.61905
256	12	7.08594	7.62121
256	12	7.12109	7.61481
256	12	7.21094	7.84091
256	12	7.38281	7.97761
256	12	7.65234	8.24242
256	13	5.44141	5.94444
256	13	5.57422	6.04615
256	13	5.59766	6.00794
256	13	5.61719	6.152
256	13	5.68359	6.248
256	13	5.73438	6.16788
256	13	5.75781	6.28571
256	13	5.78906	6.20896
256	13	5.80859	6.23308
256	13	5.80859	6.26984
256	13	5.82422	6.4065
256	13	5.83203	6.33071
256	13	5.84766	6.23438
256	13	5.86328	6.328
256	13	5.86328	6.37398
256	13	5.87109	6.36434
256	13	5.87891	6.42188
256	13	5.87891	6.624
256	13	5.88281	6.41538
256	13	5.89062	6.34677
256	13	5.90234	6.42857
256	13	5.93359	6.39695
256	13	5.96484	6.58537
256	13	5.97266	6.46281
256	13	5.98047	6.45669
256	13	5.99219	6.42188
256	13	6.01953	6.36434
256	13	6.04688	6.55385
256	13	6.04688	6.576
256	13	6.05469	6.56589
256	13	6.0625	6.54412
256	13	6.06641	6.50382
256	13	6.06641	6.50394
256	13	6.11719	6.50781
256	13	6.11719	6.52239
256	13	6.125	6.62121
256	13	6.14453	6.52632
256	13	6.14844	6.43307
256	13	6.17969	6.61538
256	13	6.19141	6.79646
256	13	6.20703	6.76378
256	13	6.21484	6.79508
256	13	6.23047	6.78125
256	13	6.23047	6.86614
256	13	6.23438	6.6194
256	13	6.23828	6.71654
256	13	6.24219	6.6875
256	13	6.24219	6.73485
256	13	6.25391	6.78462
256	13	6.26172	6.79508
256	13	6.27734	6.784
256	13	6.28906	6.80992
256	13	6.29688	6.89683
256	13	6.29688	6.91667
256	13	6.30469	6.77778
256	13	6.3125	6.86614
256	13	6.32812	6.78788
256	13	6.32812	6.82645
256	13	6.33203	6.76515
256	13	6.33203	6.79688
256	13	6.33203	6.82836
256	13	6.33594	6.72868
256	13	6.34375	6.66142
256	13	6.36328	6.91791
256	13	6.36328	7.06957
256	13	6.37891	6.87597
256	13	6.39062	6.83846
256	13	6.40625	6.82258
256	13	6.40625	6.92742
256	13	6.41016	6.88148
256	13	6.42188	6.88281
256	13	6.42578	6.98387
256	13	6.4375	6.82353
256	13	6.4375	6.86992
256	13	6.44531	6.8209
256	13	6.44922	6.89062
256	13	6.45703	6.96154
256	13	6.46875	7.00813
256	13	6.47266	6.97581
256	13	6.47656	7.15323
256	13	6.50781	6.90152
256	13	6.52734	7.13386
256	13	6.53906	7.03968
256	13	6.53906	7.04688
256	13	6.53906	7.20161
256	13	6.54297	6.952
256	13	6.54688	6.9542
256	13	6.55078	6.95489
256	13	6.5	7.0303
256	13	6.57031	7.1453
256	13	6.57422	7.03226
256	13	6.60156	7.01587
256	13	6.60547	7.02326
256	13	6.60938	7.23077
256	13	6.61719	7.06923
256	13	6.625	7.16
256	13	6.63281	7.17742
256	13	6.63281	7.29921
256	13	6.64844	7.17188
256	13	6.66406	7.09231
256	13	6.66797	7.04412
256	13	6.67969	7.20312
256	13	6.67969	7.232
256	13	6.67969	7.24806
256	13	6.6875	7.0597
256	13	6.6875	7.15909
256	13	6.71094	7.12
256	13	6.71484	7.216
256	13	6.71484	7.264
256	13	6.71875	7.304
256	13	6.72656	7.08209
256	13	6.73047	7.31387
256	13	6.73438	7.4375
256	13	6.73828	7.22308
256	13	6.74609	7.19355
256	13	6.75	7.3629
256	13	6.75781	7.21311
256	13	6.75781	7.30159
256	13	6.76562	7.42424
256	13	6.78125	7.40157
256	13	6.78516	7.225
256	13	6.78516	7.3125
256	13	6.81641	7.2782
256	13	6.82031	7.3871
256	13	6.83203	7.2093
256	13	6.85156	7.25
256	13	6.85156	7.43333
256	13	6.85938	7.22047
256	13	6.92188	7.45736
256	13	6.92578	7.23188
256	13	6.94922	7.64407
256	13	6.97656	7.48438
256	13	6.99609	7.41221
256	13	7.00781	7.48062
256	13	7.04688	7.576
256	13	7.06641	7.75806
256	13	7.08203	7.59524
256	13	7.08984	7.84167
256	13	7.10156	7.57576
256	13	7.10156	7.91667
256	13	7.10938	7.62097
256	13	7.11719	7.52308
256	13	7.11719	7.66154
256	13	7.12109	7.536
256	13	7.12109	7.56818
256	13	7.12109	7.61905
256	13	7.13672	7.5
256	13	7.14453	7.58915
256	13	7.15625	7.512
256	13	7.1875	7.776
256	13	7.21484	7.81452
256	13	7.23047	7.72519
256	13	7.25391	7.78906
256	13	7.35938	7.84615
256	13	7.42188	7.85821
256	13	7.46875	8.02419
256	13	7.50781	7.99259
256	13	7.51953	8.1746
256	13	7.57031	8.13492
256	13	7.73828	8.22556
256	13	7.80078	8.40678
256	13	7.89062	8.35938
256	13	7.91016	8.672
256	13	8.19922	8.65891
256	14	5.78125	6.19231
256	14	5.94141	6.3609
256	14	5.99609	6.37209
256	14	5.99609	6.54688
256	14	6.01172	6.35433
256	14	6.08203	6.44355
256	14	6.11719	6.68852
256	14	6.12891	6.624
256	14	6.13281	6.61157
256	14	6.18359	6.56589
256	14	6.19531	6.66942
256	14	6.21484	6.65079
256	14	6.23438	6.70968
256	14	6.24609	6.82963
256	14	6.25	6.68254
256	14	6.26562	6.89916
256	14	6.30078	6.93651
256	14	6.30469	6.88618
256	14	6.38281	6.904
256	14	6.41406	6.90476
256	14	6.43359	6.88618
256	14	6.43359	6.99237
256	14	6.51172	6.99225
256	14	6.60547	7.01613
256	14	6.61328	7.056
256	14	6.63672	7.0155
256	14	6.66797	7.14062
256	14	6.67578	7.16
256	14	6.69531	7.312
256	14	6.71875	7.08065
256	14	6.72266	7.15385
256	14	6.76953	7.32258
256	14	6.83984	7.24194
256	14	6.89453	7.56
256	14	6.92969	7.35821
256	14	6.95312	7.30147
256	14	7.02734	7.72727
256	14	7.04688	7.48062
256	14	7.07031	7.45161
256	14	7.07812	7.67442
256	14	7.12891	7.77099
256	14	7.13281	7.64567
256	14	7.16797	7.70769
256	14	7.17969	7.47328
256	14	7.22656	7.69672
256	14	7.28906	7.76744
256	14	7.30859	7.78125
256	14	7.35938	7.87097
256	14	7.42969	7.872
256	14	7.47656	7.93496
256	14	7.58984	8.15574
256	14	7.69531	8.17886
256	14	7.77734	8.352
256	14	7.80469	8.37097
256	14	7.8125	8.29365
256	14	7.83594	8.45455
256	14	7.88281	8.56
256	14	7.91016	8.50413
256	15	6.07031	6.464
256	15	6.08984	6.69167
256	15	6.15625	6.53226
256	15	6.16016	6.55906
256	15	6.30469	6.95385
256	15	6.38672	6.84921
256	15	6.39062	6.89431
256	15	6.49609	6.96032
256	15	6.52344	7.08871
256	15	6.56641	7
256	15	6.66016	7.09023
256	15	6.77344	7.2446
256	15	6.78125	7.232
256	15	6.92188	7.26613
256	15	6.96875	7.4252
256	15	7.05078	7.58537
256	15	7.14062	7.57576
256	15	7.30078	7.67424
256	15	7.52344	8.016
256	15	7.62109	8.09524
256	15	7.66797	8.19847
256	15	8.11328	8.58333
256	15	8.17578	8.752
256	15	8.19141	8.67969
256	15	8.36328	9.02256
256	16	5.87891	6.30147
256	16	6.28906	6.67717
256	16	6.37891	6.88136
256	16	6.92188	7.37815
256	16	7.45703	7.89764
256	16	8.22656	8.85217
256	17	6.55078	6.84615
256	17	6.83203	7.34711
256	17	8.32812	8.80303
256	19	8.46094	9.02239
256	8	5.07031	5.60606
256	9	4.88281	5.38095
256	9	4.89453	5.45082
256	9	5.0625	5.57364
256	9	5.13281	5.66142
256	9	5.19531	5.74219
256	9	5.20703	5.75385
256	9	5.21484	5.63235
256	9	5.24219	5.79688
256	9	5.24609	5.76923
256	9	5.25781	5.92857
256	9	5.26172	5.71901
256	9	5.26172	5.76154
256	9	5.26562	5.80469
256	9	5.27734	5.79389
256	9	5.32422	5.85271
256	9	5.34375	5.80147
256	9	5.35156	5.7594
256	9	5.35547	5.92188
256	9	5.37109	5.71642
256	9	5.38281	5.83206
256	9	5.38672	5.90909
256	9	5.41797	5.9562
256	9	5.4375	6
256	9	5.4375	6.04918
256	9	5.49219	6
256	9	5.56641	6.1746
256	9	5.63281	6.24615
256	9	5.67578	6.248
256	9	5.69922	6.344
256	9	5.77734	6.28571
256	9	5.89844	6.44094
